$ANSIBLE_VAULT;1.1;AES256
63633134623361663866366461336464353239313464636138303866643531303933316230313139
3164323330336431653639336431386131613332313839650a626537653635396366613037373664
32336635303265666466626339316432373638666435323165383363643733373839346263313933
3266653764316232350a363036623164643838633566636539313934383063326365663832356266
31343730353137376635616339393933643735336261633337633264316663343032633234373634
63353738313062333632376163346662663830343333616136623738663631656265393761326136
62643166313130316331366132343335373837323033333061363461326661336133363530623862
36376534613135393566666535393330303132363139653461353333316364383131616539383137
61393434313762323434656234616665643965633530663866373061313236363061356661656236
35613130356635393136383731383231366561666537383163303533393433363232636462356432
64373835653538383966343636616161373866396232393263313336653337313933633435373065
37643736666264323962353832373163306266666462303436353539386263383934633437343539
35323134363566633037303032626239336431366263663637383864333561393466333531336266
33316137393761323235663533373035326333356164366639666563343039643033343035326364
30323661363666646234366366366331623137333235363162393332636139643964613564336235
63626137383861623735316161313439343133626261366639616137623730666565343034386233
38306663666531383862646663613631323366393264323938643736383466383365303430633065
62633930393964616530373661393665663135343162663330643465663062343138366238626430
61663531333065353763396563346339663662393932376138326531646431626363383662343366
33616534333338333832313063653437663630333563303830666665326161623831386365633037
31396533343462643063653839363365313136373536383834386439363737396166613130306336
36303964383862343535343662366663376235353630666564323463663562633936613864303634
38613264343463363731313862313038393664616430333963376337653031366161636565333734
30323734353161376536623462323865306430323561363264353539363635376434653435303931
65343961653862633861316166646662303233393733373930646461633437323131323737393338
38636338363333393135396137343336666135656434623736303865306137373061343030336365
39373936336133333934613731333838373935316563353931306434393065326461303066643461
33613534366339633530336438346533333262356539613063333361613035323931613032393538
30626636356166613562383137366464613961343363623164343636353566396238343738653137
31633437636433356566376537313537666162323831336634613161393938323734633865363637
33613361343539303561633764313533376438316234306661303737316132663864306166636236
33373939613130323531356430396130376432613661383838653661653937386335616364303834
65396236623138366362616236646232366465303765613634613761663831613831626534633863
38626366316461636536633437643265633831353238363463613461613239373266663964643266
30656131643338383830313238613664333961346338326139343534343261386130396464336532
35316366633337666563363536613833663464633030633739356466336135653332356330306162
62353337666235656534383337653865656133353632393135356562623936376333363266636133
32663666383139656136356332383163623138346634653433663732306131373764363366343761
66613834333033346438353564303734626438336639653565373839356639323038333031623462
66396465303738356166633863653664666135656438363938323362336139313837303131666365
61656162363163313039383631353239663337646638666664313066326161663733343137333964
37393163326161633331376332383466313332383434316235373965396134346637383339373232
30363938333134663064633362353231393663656363386663656130613037646364663238386532
64333237376661323536346636313531613738643061613530356632353630623464353332373934
65343130396235626461313234376233646538626335343437336431666166663136366263336663
39383537376637643839326137383363303865366463623761316338346261303131326232393638
39326236323865643630323133333636643464663036623037643233663636363434356330653739
32633732613530636266656432373965643431303238363838626162643139636430663563643738
31353838353637393437626162333261376161393831313735623366363237306365303461613432
35336633653337666239626566663833646261356231653031613937383966366330653531666464
36313061613362643263663632323238353364643231323638363566333934643030353934333933
63333233616261363638636663636662646438323662326334643034393039633536613933653530
30353232653630306436326261653564326164396464663461623733623462653430356463363561
39363163343264613735313761353961373837383639616134306461313430313435626464653362
64663561616333393430663961303766613639623664313733663931336564663964626466623765
39313266363930336537393166653530386137666564326232303331653466373738333634613334
35313935313863613830653738366461356261623033396136343036636134646439656462323964
35356163663539646530396563323639336464353961666136303332346365333062393935363035
66313062333437363864636335643866393831646631616566336539666163386530303532353364
66353334623439356533366532326463326265343436626262353435663334363939346364663537
62323630313162613639653833363536303563626531353539313932303233363936343735646436
33383136656434306237316330373563396330643237316465396435666333613235643861353338
33376437646238343662326539303566303134353261336366393030323237643663333466333865
38323532646361323938353236666163633738356538396165643338653239646163626534396436
35303865666438383331626432626130386439366539346564376635613633303530323836373966
34303631376533303431373833616530386662653962643338316639613038633534623838393532
65636239383762303338636330626561646562663361373731326633343266306138323066626263
37343731386330663230336264373430383238393236343963303437353333386364313735386363
65346539633936333630313836363263346338393934353266383533336463346262396136663136
32353136303732343164373735623833393038393832346235376464316364623431386464653339
32303761613937303231346135333731346435336237316564303061333962613637616531363866
37343635326134306537653431613433333733306432623565626262663233353239623063666539
32663438636434646132333337646261303334316137313437356263333661663564613033343734
61636433376130356538656362643136643037373738356333656662616330653966646334393162
62386665383563656638376339333364313261316430386538396162623630613466633032393931
37313735613830623161653930646134326564646562336532653364303333366230633234653539
66646336383065356363633265303933313964353732303566366432643362613461616432363835
63333461633135343730626666663736306137336462303435336439646264636161643465336634
35356630633964613164346436613865303561303337626431316366616264343266386132636132
35356531326638656561376162653931356561366161646465663966643963316662633238373339
35333363643766346430626639613930666564373432333233303466303165653832313536616164
39393130373965623132666339643466343661393665376439613133643564386532343533656537
30623063346461616239636633616539366633643237356261626639613166323666623635383965
63373861383134313530653966316630383563623163363232373132643437646665333464376139
61316563663835643433383435333935346433386138663561626234623165346631313636363666
30633031323731346432656431613433353062383133393464313564616135613636393838626532
62623061326561326334333266333330306661346637653064316631376632653861393537613435
35653761346138656434393563666130373339356138333463646664623632323765376265326130
61363839363437366438383033323437366338313063353234323131336635646563323964663462
34376130336234343330393438396462386531326336396161373932396338343038343262633435
34623062363266376639633533643066653830653433626432313261386332666336633134306231
31323862303862383538613566323935326331303366343465343837653261363931666436333031
61323230343063386666623630376434643033313230626139343264333762343238383061343561
66626134626530336533653161616561396431396335393436353033666166643461303438323735
38393163616565386337646436376261653866373734343835623565613533646335363430636639
38653963313766623638323465643931336265333365343338323835323361306663343361363764
61393535626438363561316662353335626139376364613539626335306465383930613139353735
34333461643236653530306137333532356464353534363563363966616661643134653961383366
33393737613436623737613337363938303932633762626131373939323031646166393431313463
36663831323632336434343134343761356436663234306365353337346630303437356365643864
62656263363033366631333931636230656362643165353334383464363236376266653637323034
61653066343262623339356563326233383131663636633864643864373637393963386662306561
64316162303235363733373935353837643262653366363935616137363432396236613332626333
33373765343265323332616131643035373739663038663533613962393332363432323637376565
62306135323965363764666261663832336361663131633837613634343361653763633464343734
31386339326639396238323663643434346336623664666430636532633535626431393733656135
61663235366239663464626535383131363938383933303932346335326562633434356262643431
64356661303833336639376130316535663135333161363364333837616138633663623435323131
30646364303234336662623231333835333930346466306139376633356433646231323064643161
34333030356661613836393934383335633566366538636631613933333332636662356666356364
63363864663061356433326565313835623465613034653036333937383333333239346462633531
35313862336135353031386535306238653062666263656232353562616566313437383436326331
62656430326263383131623935313736353036643866356634623233323330373766623162346562
33356138376362666330333537643263653663373631613062353735313238666336353738326437
39363963386231353666343865623463393533393038346337376534653337663533353038326132
31653238333434386139366335343361386465316332356164656435333833356361323731313835
33616232323966356362313331386664326639306133646132653664656565613035303762373637
33623266373234363165613030636466346338626165633330386137303739623963383966653664
66393761363466613064336365346563646336626163663263613136613561366162626163633530
38366162316364306264656536373039643230383362313161326338646430343830656230396236
66333036333734396362323638653332663463356166306137613838313334613136636366636439
66326230393134616462326363306538356131626433333032326530386565363066396166623833
61626161646330323838363163643234656634626565313865333132333865326439613037613834
38613561356463663866326563356138626336316130613335366366636333343961643831663738
33323932356532366264653963353432353762613461636530333438313661646662386131333831
63643538376535306537666135383464343835396334386633663365396635316464346138656362
64623036396235373032373763383865613637373362343232633038356266643930623664626361
64316164663531613639643539663837336630636364393263363631613639323363656130393037
66663966663938376632653264303137316564613030356331353637653266373162376235396238
61663637313332303366386432366565666130353831643036646166636639333431386130646464
31313731333762316465633961656536383331613134343832613032623532653235363934366466
65313463633032633034633833356262393865336536376336383836393631393664303163653035
65376634666235393231393636623462643365366334613839633239663865343733313636396565
37653632373937383435323464363761353065306164343466396563626464646263343531353734
30663731303661373663306331323463613331653434323834623134653161656632323436363939
34343136363363626538336164623735646337356231346563383337316166643036376131626566
37373736323161333235313463376664353966616135633537653664356634356164393131333463
61643161313638383161386261353863303831303635363966383766356432393562333935363466
62376431616235633332326638373065336633643335323030623866383831303562613738346562
66646635616233356432363430646164633764316131656664336665363761333663656165623736
39656362343738393563313336333030656261326361306265336436653530666336663638343366
34373665626232396636346530653532633865613133656537663634663161616538643935346535
30346234326335306263373130303565643164653035633337386664623064363166346366323431
31316536343764376432396331316136316535303138613836366364356237323530363739326630
33393533656139356462323864396430363735333961366331663764396261386137633064373535
36633563363466313233343766376237373764643230313463343037373561373466353733626661
62376139626136623433633864623534646232353763376665346264653339356230636661303961
30303030386135316333386130383666386138646234333235656138373061643166383336303438
66633364353537366139653131643735663036363262346439366664376139653034393061343532
62336338643839653332306464646334333365326538653830393061373331623333356136633666
39663537356466666531666139613732663438333766346539373365333066616336626334346336
33623534396162633138343934323734663835306539343965346330643230613030356562323032
32336465333763356435336664623233336564336362653933646538643436346266363935383666
32646138656233356232623537343165313961396339653062303736646432383431376333613366
33363339383065366537626366303135316632306135333165633466353663383962386163326434
63646233646332613336333061343536306230353966613062393630356335626466653962356563
61323263616136666365306563383938623561633762633763393132626362363264376639393361
34393539366464346332623265306235333861653166396536616365333765326232393961336165
35373363346466646334303135373430313162366130366663653834623536643836313464656164
66626233353338396334653034313062376634353635343631393330333832363361336162633033
62386462616563363362343865316636393335393939336464363663396635633233303066303932
31623864633735306362636634666437353737353030346339373138363039616132386433626637
65313638346665363730383638373735373531313138393333613264383337316665306636313532
36643332303966653733636631383166653936313762653062323066346231636261653065343236
62613836653435306266373439323061326236313065666564376561323830666361376464363036
66376466613165393036373035336632656463306231363462383030333133336636626464643037
33303532326636336435646535373161346164313830323739643138316634386132613533393866
31383439346661333366343765653966303730376531326631363064643365383935656636653334
61636465346561643766613738613533306439303239386633623361633131383637626235396433
65363365336262623038306561326662353230306264643331323630393030633537353564626330
38356432643764346663643132613662383066623339656436323032386566616436313164343735
34303038306536653432616538373335316636396137336234343532316164626539386139373964
35303639393962303932306361613430363336306263623932626164383132316539373336363438
31393739343466386232316566303330633631363031613961396530323662363166623837656236
36643234353736646535333965376261633061616635396661333639333738343636353934366163
35633532393235323535643531616264326438333135393038643363376634343737323532663063
34376563323762643135353262313736393262663739343365666564313063653430623638666237
34666434326364366532396462643536316364346438336330656338313334636138616639363733
64353662646661666663353130333736623639356639633832626266623930633231376431623963
30636361653263313463383162323631313336636339373331333837616363313137353937383330
39326130353435393930356432386231383061616230656334343836643730653134386132613065
39366333383665616263636365393164646134353661383737353037313031363937336363383062
32373065313930646665646663383337386433656230346463343435326232366661303038346661
35306131666137393063383230366638326130363137313062346361346330333963343330346436
66353365383930353034613064343664653530373065613364313961626231336362353931323936
64376630623333313930306539623335646163323861363634383066363464386161633862393134
61393435353165613564383166656563623462386363623332653136316537353439393430336536
32663464343530376262653664386566396532313738663538333665373134636462396630633862
35633730653330316365336139313037393530383261366265663934633035666664653135313733
33353863646632396632323534343536613265366337666262366531393564336237326166373638
31336361343836396263343632363531626563393862373263316231313830313634643338323230
33356563333637663237333239303235653266363532643338613133343136383862373764663431
62646131353236616232373865616333646139376533626534653236613863663930363431363466
37376331363266343832333335333961663132653237383739323866393337366465366634653830
35353064656437316239316239353037323765643231343937386563383662386565356536623736
38313934373139626134336233653863376535343134633565643835623035396362363166343835
39356139366538376532373564616461653165616361343333643766326335333665383738643165
32393732643138353632313131616433366234646230353634313965373438633030313461396335
35633839373335616535316432386237653734373162363663316230643633663964646664313531
31366163363663363465346364366235626234303963353263313330613034333033386665313864
33313038386230366436636431396638316465343665323161666164363631393030396132646233
34383864326136643834653932353063303038333165656631613938666639386262663161323861
30646638666635356135303163616164336537653632643238386464323564663461613163363734
37616231633530653339633034643837666432616463386662326630343461323631366631346131
36333664623761663535633565656464626462376530613637303834613664376366376537303766
66313830323961353430303930643864326365613536613031613633613565623636346565663435
37326661396262633438306265333662383866343136353731656535393531396238316230646230
31633137653236333330333264653437363561626666366665633837393763626466663330626637
38383162613634393835333761653535383566653239313039663262383230643866363539633761
36353230313737356362376265396432383936616261393634633264653636383232386662643461
36343562366262373535626431363765373136333232356236323138346234376230313930623331
65336136303165633961326130376130626335366339323861383131666163633332613664653162
35313632353564383138383136326533633336666330316635323136633639336433623364363031
30363039613862383938616261353434646433306561363631623933613364643838336661623835
30343566396630653065363530633731616366396162616237346330613331353033353036383936
65383332366633623863316234376534363830363163363435613333306333656630656566646233
32656634616134346536363630313265306234633762313332346436623630663633303131353631
34393732613265626633356139346330646466653639633337303061373136646530303466663166
35336165383630393730363661666230633435326165363032373034666264303264643039346638
38656433646539623763643566643335643035626636386163653339633836663564393330356661
32643164346165376366396261353238353932376361626533303935376230323633306336336537
30353638376235393439366463646663383464366536303561653233336636613561386266313339
32333262396235663436393532346632383761376635386363646330616337616662366235323134
33616433616464616662393563646637653237653166313265623432633564333932633134333039
63613337633238343838656433633831366438343334626665373033353834636564326232656238
35386130646230326564313930363631363636636666383236616235386238653362316433613331
65613964623463333663346262643563623238316335623735343631333032363563663135313864
30363066323065316464636661363263663738373866643162656363623833643834656165633963
61373732626663613464663366313237666532656137643965333331626263663165643236323136
64363635386631366461323365306230363533616235373739316166653436303331376536376563
31366264313066356337323634663736333233363834613962396531613636616161373438346633
35356562656362646534363431303537323164393534313037373332613530353865383562643166
65626333363365346662333737383837626233643034653963633464373139323632646433363335
64626232643061616336616437383333326331353530376237336235323438376264643036313236
30623766303838613066663832653037646264383665623237633036653734373163623531663263
32363664386335666530623436613562623762633763633964383138626663623935386636663765
39366261633964336230633730356130306631373333393837623539373864313839616434366263
39333936393636396137376536663839393737396565626266313564383638393166393136396161
38326164663361643933363566616562366266306463623931636432393839373064333335343934
32323235393137303261333938616532636434636334333532643937663461626638613439653432
64373364666336643434366163316538306136346437376333613032623139336332343833323263
37363361626162303962346564386533653561386235393166333434623761323463336165313137
66353332333262383139313264653834343934656433343463303838303765663266376232353332
38663463643365626134356536393538393330393130626437326663323834336566353066316138
65396139636261333935353036663337643236316339343566366265366131373434353439663738
63656630643639333439663637316665643634626164386137623338383361333062626134653130
62373635633463366336626232363232626366313662383731363863383332386231333564626661
35643032343364306261343130626533626438316265373238366264646231356562613164666139
34653437336536346634336238313365396333623939643735366235636461663936306262376536
64313932656566363437616334623136613762663030383032363664386262376537613161333032
66373563353036383730616266306638396664656437646435633536623931313137646438363739
32373461333035663036333936656363626464663235633237333533363634376466353866373364
35353661353561306561643963653161653838323735366432653966303133626539306334383334
33386139373531643264666331393462316238656538373638663637393261646163653531356634
35303366343165613637333163326136333332663064316537343663356636656465343835306664
37323030353737363262613836616365363635386136343363636237656633636265396265356131
64646534623033356635323735613661613935323630626265616663353739313938336233393163
62666235383137396331306231356666616265333465383832376166613633653130666433613138
36386138663034343862313637356663336638613165303065663031313965303062623038636536
61313764623438613831336530313038306264376163633235346662336434376238633830333362
39643662623239356563316230373963333232643564373534316165333939633934383835333162
35396363643030316430663765656539353132396435316435633532336638323166386437323439
30663261393032393137386137346631323933636464373063353963326431643636383636393935
31353166663135356166623038666565333362653930363438373238666263333835626637623764
31656432613965613930616332316435343363333031643633656362363039343965373162316534
37346337623637313538613161323565363731643430623566306238303930613438626162656235
39373332623830326432656535623330636331376163656135613666363237333238313531363435
34346163346630303931616662633164656665303663326665666237663030313433653265306139
37636531623839316336633138306634356563373466386632356531623261333735383332323466
36626630313930306565303636383933393932313961363939356236303930313330356432383863
32623364396365326463373135383333376535393737323563653161386534663331643861386533
37376135633233366538613962373366636634343732313336613831396466653038333430383631
32353935333738303463333538336262623634346662366366623765333935636331616638393637
39663766386436323834353234376138343163643338653035653661636536333735323331643066
61613936633932663266646438663939393264353133616532623866313863393465333664333336
64306630613066343266643031383934663466623037636265393734346333346161366334623332
30336439363038623566353262376236316630323331363861393064353838333361326463303564
66393531373937663730373666626231366531653234626261396438343865656364303362316566
61306666663464663239383966633438336539623437343738373533303061306632356164333563
62343030343634383864316434383166386261383632393564353966383239613264623438313366
30313938616639643134356638323133313138343337666130626638356465383361393366373830
64356564366234303735383463386435636232303539376662333233333033363662643364353834
61306338616336646564343662656437303135663163663562656139326332336664613132393935
36393836373965303664313963646265343935643666393365396631613761626632663166393165
65343237313235313937303731643233666130313236616361393438643539633932316430363139
34343539336665383362636563653063646132653037333033666635663032393037393563663236
65663634633130643439333830386263663538373237363663623265663332363132386235323562
39663165333235393762306266396265393333306238363566633935376331343263336232346430
36666433636563393164643436623230356562616137316366326338393763323435613761333864
66656239613837323536636233666438663731333338643064633465393461393830376634303963
34303061356635366337356333626635383665346337303365616638383438336530303962373836
33333537663766363438643034353766386531383137323435353837333533353838636265386666
30393065323264613233653366346466663566623435363937643132353631383938626464316361
66626333306564396162323864633037623664656231613934343938333534623165363437353534
66616338663531386134613865636533303735326661666361366463383735343237663631326237
63303333373835663438393134633330333134393039396235313333353233393833346532356134
31653537626532396336643261646663353262353330326538313366313163613539333164616564
36386566613362333638336164336131366162316562306264363765386431336430333537646631
37663663353332646338643831356465356339363635616639343965396361663063346538313739
38633133336236366433653131643135386539333939636431373734366632313265386437353837
30376130373735336461663965316632316334356161383232386537363566663539383536633761
30376462616630383234366632373434613035653338336632656234383834346538386462313732
39646665343535393432333862366634666361653531336464306237616666646361343435373838
66646161356662363766343937666330643033653465393964643937643532313066366532643338
62613337306466373965393361653539366637633166353834396638656137383034366532393837
36383464363766383537643163316366303832343233356532333463633835646331366130383231
38666465656664393735383736616135336264663539393834323635623831393466336438346137
38633664393830663234316562333064303363636663353437633134323238393365336230636534
62376233353530336533623733623364353739633838663865373263613134613932363362656233
31386130616133326465346164366535346534353432656161626335306562373661353634333938
64323439373166346233613964623134613837343835363530663931633961333065623064353430
65623864623433623464373866393733326533646666303537313436303138303664363265343930
62306265363335646530663235363764666237396366343364313533333833636235366537656236
35323733376362386563376231383436613536336161393535303862626263343331653731353065
65373831313936656533313034343631653035636261313732633637313366303532353137323834
63616630636230363965376566343638613338313531313665623639393534313837326233633631
32343230333833653439343134356537366130346238313731656332346666656665373138396231
33313863393539346535316666363731616661343038633838653238623238633031333934303934
31366239343333366639353137663665333738343435636664393663376262393262653430336530
63623965616665323762326234323730376633393362653464616166656632313439353761323438
61356664336133616430383335306233613831633465393036386539326665373633386364393730
35643535333934636261636163396336643535623836636361376132626230613332373462393231
33333235323964306537383562363665306564303961616266383964366465343032306535303564
63313964303435343939623836393538646564623434653866623935366431303435333562636338
32343935306235646335363735663166323935663936326363316264626630646536666131323937
66303236363363383863393765616138343366663633376632313363623331663734633238366661
36376166626536303636613333303430656237616435323561656232306563653831306630373861
33383533366130316638393639633633346331643237313362333061333764643439336538356237
31653162623433646266313362616164373732633965343937376362616466343634633365383336
63643361383665373539633033336266386139313962386334613036323762363063313238656661
34363939383634393662303265643064613164336363326165306666643039626662623539643235
65653265343762626262366137356330633130653932383930623962646465386530363130326661
64323932666366353461653537396631643734613462653536336363303835653539663566623462
61626434333734636634393534346538613033346362306336646331353766383033353363376363
61336633663033396235353762346238653539613838393436636135643632613933616237633734
63633930646262663433303732303735343437393034313664373064303063386330313364666336
61643132336634323035346235356534373137333433393066623564613732363838656131316331
61396336363538383166353334363333376264303032383232386236636133623838363235626234
64656230313265663237623663653138643734656134616263613832373066653565376462336234
30346638303434663634323864343135363138343932306635333734646239393864653536336333
35353433373462396538353462323566393136313635656139366434386161653462346535653865
63353763333865396331646236636363663962363031353638633339643435633031323435656239
61336461643665383962393966336233356562313431353530643363666264386664303966663465
62313561343461623036643936363230356337626530333133323063663666353832656636326638
33326432356539326364313037626635383739636130316633643061376234316665333334613136
63326333383036346364326238646338333538613962646364333330353361313530623931336336
62633062663664636630323563393262666330326130616633623631653939366537623766366232
62333230386438333630323438313031623531653030376133343732343138363738373766636439
33653738626162643631343134623161643633313232656436656231373639633762616665336364
33333037373963396133326462343332313565333230386633353661356566373766653334313236
30373066313939643139333830613939313962636333386365363965643739653630303934383265
32623033303637393265323233313635326133343836333363346663373037356431633264393036
39646433353536633737383035326264623538313532623335396462666162383331386164636264
31653063363732386433323961643732353832383838393362626539613933653534393933303838
65303230343466303562643239626632666135376466303862306563613264316362306238343938
62366332663566643637646330363931393631306464343634646636373035383565633061646132
37336233656434666538376665346164646339373437643462353236326139396435366662663935
64643239363136383561653430383136343434363266663233353935396162613134353562393937
38663535303837303336366265396564666239343839643833343131623731396231303963613933
30663939363834663134343938393434393839313833396164366366636531346439353161303866
36393935653030666531643865623136666436303261623163623830383133376464326336663038
66343064643437333131343937353266663531353064376564623533353563383330336637353636
65656566373237356162613130636263666139366235396433386130313262363666393662656333
66306334303534633362316231663636363033623065663439656432313932343238383961633430
35653164353735393432326563336563356634393839653461623462383930303562663738666536
35303264303232623662333039643632613536396363326532366164383965633338633732636439
36636436363330626230643430626264323765343436353561323365306137306137323034623935
36626562316266613161363534313966396466343661393236653961616263616539646162613938
30316264613833346462613537346563643235383633353335613761313834653939353264346234
36386534663464303435623363643163316364613262353937616333383438346561383834396431
39623534343433306465636239653030663663636436653537323765663162333339636137313232
63373934633263323065326335323537363065313432376231363631663361353937313230376639
31623833373061663035323462303333363861643435383933656461393531323230376166336633
35303964323337636235363237363061356630313836636537333161633530393963366562373363
35613230323266663466633165616265353637316331613564383037633936316161633934323763
30613837326532333337363738373234633462316537326234396266383233356463323363343231
36643035626336643333663239346338316565313239613233323337313030383234373137376231
33363635386339333636663865383766636666636464663562303462326632363932636131653738
66653134323637333232313530316464343966356566663063353632326663376265326437643165
38636130656565316136303532323933636437326131656330393336363137613833306664653862
37336633376338643063613738656663633330373932316461376636643331633530646535653739
33643864613033363233653630383632656435643830333631653034313438643739653131616262
30373164353564636265613233323033646466643133633637666163653465393838663365343433
34613036336261313063393163393965356335363237323735663166393266373238363462346137
63353364363738323063383764353034333866393532633635643734306435376163306165656561
61643334646637313230623061643632623130663636623563623334396263386635323730346539
63616663326637383132643465613532373439323736393838396463666665346530616432393932
30336164366365303863326365383939393366346465663134643261373739363265316135656333
36346565356263643039326237633432333138343732383934616134343166653533653065656139
62313435636239313539623233373532643661626461653831373066323933656336316237323931
66343334313061306139636264336564353638326332623065616335313132666363326139343866
36343039386234323032393739326635356261353639646336616232396134333438326234343262
37373439386664383831323966323862363635666665636631353462396664333964303236323133
35323932303265343436663631623765396266343531356533643736646535336334636238386266
32626232386463383365643437656662663763306364323164616261313835336431373130663530
62346337633235383464376263376631636362326665336334386633363732383933666163653234
34313134363732656633666133333839316561643862303564343965316131393431346234363231
65396263333334396634633230386463616236323164666334363331323635323265396335626162
63663633323130376136366361666436313466653032373339336339323462376139616335323965
61663362333137623863353932383632613039613038666137353432316530306163333163393538
35373339393764343664653637383365343236323862396462363861636162303435323163353835
30353061613938646362653564643539333263343732613531333761393261356138363337613539
63326438353734316337383866653538373534663262663166633130336433373734666234323432
62626234326531613138633432636535643831366436343361303732393737383935626237306137
32333932633561396330666465336137353130356664366336363233623964633864653835636561
34356462616361653764366165326665623965616631343430663234333462613435343434623439
34383935313934633864323739323333316561303436353364366363653439643136316566386364
33316137306436323432613966393135343762623836373932383962306265306439616563316337
61653463353962376438353234333236636661333563653436383163623030323236316239306266
62323639313939333561613232666538623531373930643338373964313839353762376138663764
64663766653137613436336230323563653435653938363762336430396430643761656334613932
66376338633039616638333031343836636539396231376561383562636433353861343562623639
32663634643864643764316262393462383862343664633837623537653663303439306534303061
35626338353361353464353162386163376531343333383139363936623862333435373438383735
33333435306364353037386262633434663637383430366161613130333566643234623163303631
35303566396332383639653262653961663732666233316365383731376263363363656166376461
61353966643734323135333438313233653964313263663336653730386437643137313266633037
39346663386437323865353935353333306162626337373236383230653432616531636438383135
30303162623137633634333432343965363761646362313437313536303739666236613561646464
38373438306161303535633266613965326635343838373663616536633437356564333631343030
39323566306561646133376662633730623234376362313337646338363465343761623262623635
64383638396465363534653030376165396239663563623838353161633333336432653937386566
64393861306535323261666463343436326365643061623963666236326332396561656231306332
31383935383062363338386533376666383434663535316161663963666431316230613133373963
36623037383137366631316334326636376165643333663235633239346566363064663733363832
61343139376363316137623666373131376136383934373865383761613338333566336438626635
33393436343536663732326137613232636435323136376330643065656566323230356634613038
30376531316539353534353939616161373337663937323037323362393637303135323434343832
30653264646132373836613264663663313266363961636630313233343763373064326332336365
39303664353663393038313636663365356639393332303838623035373139323831383830323466
35323362316133613231343237363930306664643866353761353064366639386539363931623734
64626234336533626361666638346161613965396161623834633133623661386633343635336165
36303561663436303739656364656264383135373137353664663864613166663064356562353561
36616331373035333236363666336139656535343963646433383131623539646461656362663139
30633362333366623434613362383731373666633131303935383839633936666133626237363064
33353337393163643330633436303637663663623265386536303561626661383938313662313461
30326537386538646636383431313962326633303931613037373433616566333834346435363661
62616130613435633736323166613962643837636263623031393132306232393865653035323961
39373036303338383034616562643065616562343036303666646133303661613164316165333236
33613663313162333061663832343730323262353036336139653834633134316462316230353963
62343234316530393734616236323230356562623661303962373537623333333330333966613466
37613538386461346436323666623535303431366433636466303164643030633032643538653230
39653634366635313062346533653430393432333130623363396433383230353236636237396436
33323761353539356637616664633361323562343261633761303339313631343766616234316462
35643865633232313436303533663936313632666435386465376461636264663766383132653530
33313530396364623037626535663839646432613361643839313337626136636537393434633361
39383039633938663564306431383736316339396566626164356236623132343461613565663432
32613136353461323230363132316338646133393264336532643762623434313436303638343961
31623933396239613532383638306366613937633336383631363639343239323632383830323262
64306264333435346137313533363535393737646663363164663866363834653038303261663937
32663566323537396563363536316466313638373564353238393032373761356132626338666230
35613231396266373030323266643661643963666332656239646437623532656533303332363666
37346537313639653730373761643763653537383563386332623839323164333130313564636139
39613864353461363261636562323664383564663037656161663839643462386666333839363130
62396266373162373264353032306430613765313261343366343662653237333336366233303062
31663730393139343662623863386132613330633939386332353639346132383537393930653632
38383635336138336364306637623338333539636236386163383363666536366564353333313464
64353130663439623331623866303939656535353134376532363137333461663761646135366664
61356239366635663336313065623764316561646164336433613363313430616461316639346230
39656634623464636635323637636331663733326165653566613963333963363461333734396366
38653330313165346562373033363137396463346336336432373734313961383035386638316562
37363163643662363938356336613363633835626439646135616565386634386661633962626438
65376336396362326134393934336235663630633531623764353531626365666439383638346334
32623030366537396331643631643134646433653531633763623034393461353238633332643832
64633164613831656663613837393864366262316436303439656138633735646365313539336634
33373235383763323534623963363437643465376365626465383166646562643131353731353662
63313165666435343862326537633666663664393535373532333163613631663430656362323033
66643263323765303761356132663665653664313137613466653730646136623337393831383738
30646263663462333561643937396661366663346563346134656230383336373432666437393032
65623532366461613433666233666533383562313932353131386333663437656230333563313661
64303139656264323433626531653965383361363663393335616231633830343065633062333230
32353861633834643837633834323637646638646634366133613162633139363839636631636561
32376362663165316437663235386464366562373131653661636232333332653137353334373266
33623030353033396535373931653837653439633465366566346463373133393638383435323232
39666431386535373132636636313437303761616130393561343331383833316438653766613935
62346633343531366165383662323032393966383062383934303639333536353637366663646363
33313436656666633039336337623030363536646531323066376264303965326633636531353561
30656564396362396131363565326561313731613063393034313631656636336635356663393734
35383334396436363334643236656237653465303034663430316130626666343934646165313133
39326236383030353563663132336235633139643137333432616338386535333965326337646263
31363030396138643436343661643463393330333961623464656438343161613833353063363464
38633265306366633462386439656632306338303739646236376435616634343233363561356633
33613464323766306230633036643036386364666562636130393833353938636461346536336436
61343733343364373432303666383266356239623333633261333739646161363664353435333963
30326630313436653930343665363433383238343538393636343936646261313732646666353861
39383965616234626437313436343136646336633034323262353866383966653533636435623233
39333864376334316238646666363137653861343432623662613662336232363265383863313366
30643864323437313765666632383037313339373137653461336632323565653639613437653165
39353563636530363732323361393330616265663530613261316337346233373432646339646161
34666230383837643735653663353436656534663764386134626165393538653665366563613634
30626634383735646536303262323064363565376364336261626530333838373339383439653461
61336666663238396539636234653130373038653734623432343634326234316436653862613562
36633365313362336366623862333432633163653465323562363762396230343664393938623835
35396632663762653533303938363134303433363931323530306231323635343932313437333663
30636461356338633134363932333439373134343638326466363134353732333834633838326262
39343530386164633438333365366435396337353439316465346435653764666264363566646466
61643161663939626430326334363266623461306263323465613135366166393766643239353839
34363662383266393330366366323233393934306130313834303834313662303730373036646235
39663431626161393036613463353163366362626136336232326337353464326539333435636438
64316236623862653237313765356164623666633962316666656263363131646433626232633766
37333563333264626665393032646636356231366232396432373766656262323463336561663035
66353564366630653363393735656663306137383334333837626333346230656435333666306365
38303062363132343633376636373731333464333931393731633039623365613932646330613036
37623033363532323833353339366535623463303832633663663737386332366632626661643065
64346638343032323962343333323936346636613437383161643937326162356633366165643466
34323866666337643138323036626130623763393339393935343533313863643364346533623338
30346365633335353061343335626364656535316562613264376565393132353964376464353765
62333533663832653332323337646663626362363231623462323635356265633132386537353836
61353032333130393864343765313061303139323730386663653530343464373735656630313637
36393838386232383130346665646264326163623266363137386633613663626533343835373537
35323561313431323034353261393737316662663130633136323462666262663932303765353334
30383037383761663534663730333032343836613632663465653937333036353032613736663535
62383935383063313035613262663038363530386537633237396436363634306561346566313438
63366464306165373563316362346430336637386561373934383961636232366161393633663836
36626266616133373934643339363130396137363465313961363661333030346234373238306530
64666435633238343865613632343666316631636138373636376337383732306434666139653462
61313439323230633663366433333534373534666531323264646533643636323131653566623835
64326135386135616361663863663365343438393866306232303361333539626232333733346265
33663939663033346637326635653264653261613465653861646335636563303662346563356236
36646335353262663236353639626362316132626161633035323637626630643535343833303630
33326439383665303836643331663132633231623433353435333436626235623531616664303831
39333666323133663933343564393832303837363834663532346439323036383937356238613066
37663662343730333363636235306564616361666361353234383266636264636430613636373462
34386433356230343263363866303237643465323738623666396531336564386431363665376261
30323462383866303365366161626230326133356539626236386362383333633532613233633333
38623763396433613165633061666535383131393264613137646337366239326361363035636666
33653336303331643563396236666565623864373233353536353266383837316337383932353362
35323432383537323436613832396362643335633661386130313036346132366533356538393361
33613030336162626138633630373734393732626533316332373164616630653561373637353437
30353461623335316237323938323332643330376661636665623030383132613236326165343834
65343836313335633635663534646230366539666239616430383962646334653533623336656361
35396538643935383834633036386532393562306233323264623539376365313039393334316330
37623563303866323433383862353432613962303963396235346139306437336539633366396439
35373033323766346637363764363338336534373730313733623530646535346432386663643439
34613432303233376336666161306337396564376333623664356639353064656134353662353432
37333561353966363230646430343163343136626139353066323239623561356162653734393830
32306434333166376238326438666563326631343832636361633761336533656361663266643664
66353133636132653061646363666535313563623863636332383133313065323234373066313339
65623936616435626365666436306430313331373361356538663134353261373731386233343635
35363132356434306561363466623161663765356239396630313333623463393537336465343032
35333561663461643033393632396131656132376133383337613238623365613036303138303138
30616131663765333961663538636437656433626162626332323662643535633530343063346262
30666166663064353437633063333766626134336639346463363639356138313230306538303837
31316166633831616136303534653736326234626233303763373065366138613634346239633430
35313439663864356431646539306439363830343064663235663134616230363336376361633863
64303333386230303562383638623135333665633638326435663365663935366465303631643637
34623933656361643635356635633230343561323830613164376539353466363265343934366365
34313836313737633864366634306461336634306232653534346564663036383237663431323365
36336630336433393064363066366631656362653261646338303331303939663966313633626466
33643763633934626462666262613639636332386133386334303132623033356337333265633261
36373536626338356164623365336263666464303062323338323632316638633038336239636537
61633435363262633537303034356236313062376464663462316535646133646236376365643430
65633639333161383632613731383433633739363834316436396530626530333565613762336432
32623930653765373034663638323064303430643361646266326562353030663038313832636132
36316665626361393739323234616638663863383836653062666162636562666165366562663939
31376337343739383766326266303734333162633438366439663138383431386163303537623531
36316438353563326462373834656531313031343138333432366132376538623533393433303065
61623539313036326635313638313939326364626631326234636235336337346534383930306263
64353834396362323736643063393962376230613530643765303262643936323439303661353062
38303061303932326438376235656238366666306264326365376432613433333263333934323338
31373931613037323839376339326638373030313138656430396530666235373064613939363066
61386566643539313665643864346632623664383332343735623930663830396635363539383561
62336432666637393065353663376664393036636631323433393630383730363531366366376666
63646638383663653235613438663335363036623937366665343336633663613530306466633538
39323865313734323432643231366264646564613161643766623930326466376235663631313863
62616539323935323165366564613336366531653635313030356163313132303464613563646564
34666634306233636134626465356535613332306532613065326364336365636633346536306437
66623933353462363933656634313039393961626638346133656361653439313466613062353539
38373930323661663031613861666632636461656332383531663262613831626336336232353166
65386461316336353266356465383235366430396663366361326563353838646230353837383232
30346133613436626634653863643036393464646231666336656430616432333436323631346330
35643363343337383538356264613863663366656264653561376164323366386361393064343161
66373666663262663061623566303061313963313464333033393666383064333130613138623263
34353735666237383636356561623331346365356238663337396437313239383138393962396135
37336536333266356339373561623537633564386237663733373730663832336330393837326362
37313564383034313135316162666561306535346536646438653333356337623437363261386636
37663230373466336461373836333832366539313932623839353131313031363962353662343230
35613637393734653130663139303839626135386430343565666234326331636633323737623030
36303531643435393835333033393763333161313533363262376263376333363839613863363038
31613364643236356263666537396661613066323138366664343431386338333636376533323130
35323731653633303336643234373235323734363262396462633836613430646432303231653432
38386138663539316137363962363036623539616666326334626633346438643734316139656432
65313564393033323762306331323636633837613461656133656562356465393564616264613134
64613432386637316562323464623161383635656230373035666532633563343566303561306361
38633830373934386264643763376439633333333737633563643963383137613332346332646264
32393261346433333930336332303861336231313532613830623362396566373934656532323562
336166333333633133353436666635386161
