$ANSIBLE_VAULT;1.1;AES256
62343635363134393836346363353933303131636466383031656233353936356231616561613464
6566323466313161373333373037323538326462636365650a643962366233356132353562633138
65393537393837626162323337633339376664653064663963636232646235333264663961366330
3235323832333861390a323135633339346434366438383831666466626563366533613662376238
34653834303738653634376632646339313035643830636134653165323232366362616539326537
34623338653661663439353161363662393363646165656234316365643839363362326231353734
63343633303535633232313739643536333731663662323066306461616165646263656564316438
33393461363739326135636236316536646561306439326266366262653230383265393961323739
30643338363935613433376664623533613666666333643130356337313963326235333033663162
31383631393431643061343339613433653639383134306336356533333438363639303438373239
37643763656632393030633938613330646434383435393635626165336332343366623638343430
38653438633765353765646631666133376432333061386538333364663837666437663432373739
35323765373564326632656536386261383633303266356130333832653537363562343938343335
62633563353833396662393836383430373236653237326334646536393533613738313666333863
30333237306534353266303734633531626365333330383866333163663230613731306165363661
39653933666162643439303363333766323037386137633632336563613339383534396264313331
37613135663165623038396534653033383265656263663936666632376564656432386566323666
39376536633831356463343931343431373965343834393137633431333138633966393038366236
38383161626561623930373237663138656430623433613838333966326165336636333164386336
32343432383032633964336264366133356564626430393437623935663364306133323235363532
38386232633166323964366239656531636362336263613032653536656630323436616338613064
39333433643363633535663334303836633066393261643331326461323133383038313333616664
34646265646264623734653436663638646231663165623962663634626662326638336163656137
30336364633463663937316333366331343836623434393935633134303163373939333365656333
31396466303861323039643431326235613535346563356563333766616563333931363937616434
33396463656461643866303238366632373934386539383830653837353738323563316637633063
36663266346436656264656331313633353061623732646365356165333237306339626633643165
39663763646131616361643431353866646230353333623761383035303432663061633065303931
35313662353464356663663032363038313366363139636539313964353031323866653564353964
33313065316263613232336139316366646233336438353730313634353261396261643636316663
38616536353631366533356335323163336239666565613364336563663437356639653761353564
66643135326464663037336265346163306130313164393732313431383762383565646565623330
30663233666565363231366638346564313030646330366331336563636137303230346435323862
31613034353430376537653937303561363332623166616537666335656130623430373166376434
32373135663833363461383639356434613636666637356262646664396361616438353233613038
33646163336261363736346663386162623762373161396233626236643638386437353833636136
32393766383132366530633336363336353562623933383634316433623938303638643835626537
63623931666430336331366137633263346639306139636137336661383563333861333936366234
38316633326364346130356637356138626263633464323463323632373730326665363063306562
61623334313039636136326564393436666535326535333539396666333466383666396464353063
63646231646539326138656364626531343334373931343461626533363230383332323137633335
30376133346165643666616365653536613161336231326136646236666566613064623633636261
61323630616166383063383362373038636430383239326265343566656662333662376535643535
39396561646365373534316163393766626633313437346463326333316331653462313163366638
65353734636637316534316637336338666162303761353134303062333230343861616161623439
31643565656261346535653166383363656466316532393731396465393838646134303933323336
34333866616539306436386263346662386135616632653765323562383230386630313032666535
35373934636231663735313965663661346366383766373636313931646162336139653862333432
33346536663463353634653137346331663466623961623664323632363637336439636631323232
36346233386638636633663734383836626361333963323265653336633564396361323461393733
61356262366236306136626230323762646565356363643832646265373539633232663635383363
39313839326530383963633435306436653631323734663131396263636538613038393439666130
62373962346164316466333539653662646239646564303733643766666134313633343863383161
35373130386464343439663635633033636337616661366635616130626161633533393566386435
38353663613131636366346635376361316666343465346166346563643135363163363031326662
64653235653165393137613134643434636636356331376162396666653630343035643835393963
35613932313765396634663639393033346334616535353830343834646532613232316161343765
36613263643561666235393561656334356465326539373639653837393131336130373431316366
32366137346135376432643966663032336566653365336635643863613935646234373335313434
38333735366361666131313530633336306231353365626466633566363730656361356162323230
39633864666133386433363862613363656561306561313731306437333561646437396661323762
65643239656261313961633037356139356437333761633234656335613939336430316435373732
37373534393964346131396239386338333531383134353765373835363262323031623965663037
34363730346636353930663731666132383263383139353063666636303862366330373964373039
35663963366639323036323137326132343936383831376230303861363964306430303438306662
3038616536646638393435306330373839333938386434613437
