$ANSIBLE_VAULT;1.1;AES256
36316162323765356132653362626136646166323236666335633163373831363535666364323763
3538383536336366373230376166363831346666373931330a336134363733303830333063356230
35383436613637326337396531613630366437383634393031356333306565646432663838353036
3132353531373162320a636166383530316561643363363435643937306566316435326631326361
38643035383939393636353864363238393461613536626434303137353662303237383537656432
61363864313565363634663264343939356231366366616232373762353834306136633838393863
38346139653435386631313030343932313732643364616266663863393966643666346262653264
64633632653837623536343537393031356162363564396661646331643466363066386134346339
64383030386662343066366437393035393466653439633639663866323437613363323065323464
65373565653638616264383864623930306534623636336430386536333037306338333834323530
36356139383732343465336630313335336337313538373931363239353062326535373333343433
34326438643462643236323966313166383332326631623865343533336130366532363561343164
65386233363163373566333066386563323266666435323962353366353131323533343137316637
62333333646131393835323730386264623231616263386534303633643839356538336530336236
37363230356136313231626131386230333531613731363534346534323635646635306464366431
65646630623630623632333030613662626263353465653363343538316635656365303030653964
61316438666266346439396262656665653539313532356563313933396162666639313131343834
63623739353032343465313537366531643539626336616465386239306130623861316462636533
65353561343563383933343565633165303030363364303333333336633166393937663138336263
61633536316261313837393931326635313836666333636663373038343939356461653636643366
30636162623763383262643134373763666137343663326365333231386363366365303466626633
66356665316338306234333862653163613566323066353766396639343138663537386364656635
39306265306635323463346630343162613535366566353034356434626265626531393061303762
37666566616539336166303566333166353932643033393135306361376330643161613764393038
30616163333663333066623433303539616532363961373830613134396362663164376266636534
66366565373632333362326464663035396235623233643431333262613863323138653839376138
34376331616634366662383264306566626163393264623736353030363265386334623131313338
38363532643439653365333732646432656139633661383762393936653839356362363936656331
38323538343362303064633238663133333065373533656638633036656635366131356463386434
39346237396433316534303534396633333137313038356630366133633862353962346361653064
35646539316230333837646663383564333365303834646439353164626231316434376432366236
34353562626563623763373066663733316461396366653537663831653438316565633930313233
39626433346638623731343763663038306464346539643939333038636233626338316261376534
35643632666163313765663231336130623963653037616363313239623436393833353664396139
34636436653261353535346462636133383832393731383661636231643866353063373563663339
64343461386132346363633330323366646365633333643632653530396436663864353434616538
34336132366263633437343563643636666264313661333039376566663934326263376164663664
37343762346464666562636662633130633862336537366132623461316537363463313339633664
66306133313139393765626633343436376665333562313439636363653065643335656535363262
33613661333531343936336437323838643165376432306531383565353339646231353634303666
35343563363535383832396361616461626433623663393732373637313135366634386632363366
64656637383531363965366264303336396465643737633132663533353565333431343532626234
36633063316332343734643830633462386365653362636334323964366534323766316433323166
63303338653234623238616130663639326666663465656266383538626133376462336665643438
62333832613137363965363936356335636237636662333864663136623135653730363865653538
39313661376664306439373032333134613739373466616165306666326136633036383564303336
65643765333261383834613230626236623331643065333935653934636530613664313561633066
37333661376531316663383734663664323461666235366539363435386435356665636534323062
63356430306432323466353739623134363663313939613466366661333834373237346530323161
65346433376465356465343462393864623530383035333264623536353162393465663666643066
37383938383130646164316139343739353765393330336232323362323161643039303539656664
61366639636132343333306338656564363234333339303563343061313934333839633337623837
62396264663664643332336464656464393563356337643334663363653466383862396139383633
62613664613662633861623761363834643235656564323262613965333566363832376434393064
33383535306535326439346562626164313137353233366563393830383436313934643662316165
30666634363133363430366139396164323361623936353062376263393265643361376265633065
64663732386261666462396334643237653338313439306532356133393761333030666366626139
62323233636239343365653461383537343631316431306133303133663364343639383862616463
34613731626533373839363731346139633063623830306330363330373636646230343737346464
61386166386435306663356661303132636162643466616264623664326237633634633035303839
37613034363535623537313833343936373964306565343163313464333533383033646236386263
32383430383036383066346531663961373764636430383464666637333031383832633139393766
32303464386638346332626366396436373737306430393261393366663231376339306437346333
35386666653137346466616330396137366164313337346533366565636239333439333437386534
31376431383564633962633562613834396436616338313932303534373139303434383332316663
64373636376664343463663161333766346232376163373266393935313639393239393437633637
31306334373266663334313136356566656335613066323066383761393931343363306136353439
35663562653832613161383864376262356432336239323463373561333664343065393862393162
37313630633031663433366163396131333237383238633433396532303437303935316464663962
35613737656237666163653332616462336631363563353936663666666230303266643030366439
62623566313961636139643035393932656364306331633833356264313236303763373264643330
36393730306538393136313637353138643438343233323364666663366230343962393631316565
31613961613233626164326131363365653062313732386162373830393732343863373562643363
37316262396466313138346236333939383337363965353730616339356137613231326635396335
64343365346131316165366262366364623537666636383630336633633661633937376338303366
65633862363236306236613665326466643639376431363462653764366162383363316238346164
61613864336430343361386537646161636330363662393532633565363335623231636365363733
62656332353933376433343633643835346165313034326264653731306661306431386464333635
65356264643838306162393137663735383335623530393830303564383466343431373165663637
36306139393935656630373535373932323037636633663937326237336338356464616631343830
36313933323963333630376131376338383434353164393139613666306261636566653265333538
34613037626138633732643733643037346233613830366430626631323462346336343539653463
32643962376638623336373764393965626331366266346439653533656365633639663763353337
35346638353838636432626166653230623539383764626461316535656139336431346366316265
35326662393466663263316362373939633637306363616466656536646530623738353239303132
37363564393966656636313266623536383935323136636234643538306234663534346264666333
37656366613537376538376462386335333837646462373737303437623935623363306631633430
64363666303835613165636635663763363263356464656334333138633964633034386232313066
64613938346233393035643261373639323532333437303261626463353634353031666131313766
35316665396530386266666335616664616136663131333061643837363132313735313063343535
38393138353932636666396566636433383137653339646239356363343462386238303561356435
37643830396563366530363438333631626536303662326230373734643339663732303362666430
34303632646266646539303461383030316533393137326662306162356430343066363430346237
66383633356235396166336235626137653666623635336166636661376162313565366237313036
35383036353936323837666162616534656566653532336563346237336561653161376130393566
65643861616461636533383532656365316333323266366134613263326531616135373261313238
65383062383864633366313164396136653561326436363135326662343834636463666465396332
36663030313631373335643239633430313432356536323639616333633661666265313437313931
36666234356261656136336261643263633561326331383130306633363132396537343537303337
36373063316534353161363066323137356330666465343530343030323163323639393933373563
65393566653466373934376463326464343365303631333364646162653262656465356163643231
64643530333235333137383335303138646563333362613932623130646661653632363763373436
63633664373432366165633237633435353931633366616265353031613830393035623832666266
39333137636164353531356330623135656531643666323036646336303164333061366361656665
66326431623932623430363633643566636165666465616237346434376166616434633462363138
36343337336235613839343738376534316537636361633264393065636634323130366236343136
30643263656461613263356266653662623431666237393662303233343334306238653864313033
61343961336432633061636465633235613439623332393165643364653663306332313031326131
63303934663934353232363532616238356333366263643766373633646232353465353463323332
34303332663630656336663762366436623034326465363462336531653239346163306163393433
35313964346338346130613562323561623038613434633639353666373134343531633339306335
39376436643162636561396136396132326362366339643332636237323261653966333266393263
61336231323964323833656434383630356531353034313535306632643134656430336462343035
62316435336166316431396163613366636330366438353834373235336665666135313935393430
33366131646536666365333537613061616364613937643539323063366163626137333366396561
36386161363037613733346532656664366231356330356437333166303030313066383463636339
32613638393033613265323932316264646639346436313564396563303332396131623130663161
66363435663732353039313334363962313237383263376366396237333630633061623166656436
33636361653836613663383463363264366330353362393738336532383538636461396430626366
38376634646562623030303732333961356438363866343036646234373734353632643339343161
64326432633631353764623835323163353731346262626165623864303664306162366236386562
38333530383037393231303966363639306533303238623338313635303539316164313331373731
65373263373366623565626165396662313835336166616336313434323064353631663532303839
35376532363537313939386361646564643737313939346662313131633334336362656238363963
63663363376639666631343933666237633338643064353433643161333035323931633663653830
64623438623936643930613834373965623437326232376162643735373830343937363639323337
39393434313661393334643666316464343664663734303830636233636433306566643439353964
39333565326661343366636138663266656635346263366339376537323763333830633063376535
39653661326536373864633531383037343731393638623330396239313836643065326538656439
66656632653534353961666135363266626166323930666366633331393666316138383438326631
35613462313738333139626466623865316337616664613866613161313738336562396138626131
35363864383339393836376631336366393335343538323233613435393263346433313161653233
63633264333138613032313337386566633633663236643736373363313636333837316361653137
36303134613932346266616339643238386365623031306466396132666666643131363735663166
33383565353963343832653330386664383161616534626366316230633339366332323335303735
32323938396666363064313236623130313937343337306366303838666163386663306136363464
36646137653034333439336530663638636465616635303232356534306635623632383935666338
37373661636330393964356362613462303265376132373266666466343139636537316562613861
39333961313565376664633566623938306135343038663339356661346432336232373631656531
34316530653662653533323236323839343133633935356632323239333763353535663037663561
38616435633533396161663032376532356433623136613436623931383235643534363438323039
30316136646538633736333739346231383762366135363665643361323436666235646633356665
64326332363535303662323536663334336263363531323634313032366330653538393831363664
39363032353333376136626665353761393437663663383830353738386565613661353138343138
34303066346436333338333162653830646362373134376332613830383433386230613531306563
62636366663061356235326138393631353336643936386465616164643263333530623437346335
61663938326330313831376364363634666235656135343130363133326664653735333135306435
65393934613966333838356538613731643235643330396235363534376138303337383130323034
33643430376632323239643431643766343065306236303638653430396634316634623865613062
39613435636437626132393661353262646164663937633938626434363132306434346332376532
35373261363331393930363738396138616633383030303833623261633933353434663165333739
65643735336366326465353761383333363431343538626161383663333231333463303039626631
66386439313165363462393036363537303531643830363435303634653134323330373166356235
39336261633732666162643662363437666135353564656236613238623238353366666463393233
63333461643239336661303563326131316335306138356236656434643561656363303136646230
32626330613561633437656635373438393661333166393262303638396663383562663436326438
30383532363361653663376561663130363563623734356539393365383366336534666264666464
34336139323334346463663132633166303335343537343864333163333735303738363231643730
62316463653633616233383832393932663763663237366563633933653933653265333661653330
34336237633333353931373431663965323138353032386638656561643666623362303065613337
30343561336536386432663166353432353539323439353738646464376636653338313164346231
39393336376134373962356165316238653736376166666565366633623133653435333863383462
64636262326334353131633237303631623030303634383861636231626639643137373564373134
33353064396166383634346538636666656632646237336630626633373537356137323564343462
63303931623137623230303864343262343533663336663930666539643562613661323761643534
33333065323632336239363332306533643262633438333436386537373563653662613734396663
31363461346466643534613538656334353235333633396533323961313165653736373431306465
36626430666631623863643863656165356636313038626138356564656535373236363766323634
61333165376330326236623635393131616135316631306438643835326436633931336539666333
36306336643936356436356330646430633762656561383561643438316532336132623139363131
35613062383564626365303030313334303461353433323663356136616434346232656665366130
64373263353664393464636239313464623066643436313566353633633761666562336534633661
36663035336637636437353461636439316636393437356466666164393437323734316161643435
30313466373665363661393465646663373661353930306234623963616266306533613731666562
35343033663761653734663530316630323638373434386439656233316232653934393831376263
33386339626136356361666261643032646531396563303139643730616564356334373733366165
38633538656439626235353865383030613236343066376665346538326638636663313039386531
64633666333739383631383766386633363236303334626161303535356433613234356433383861
36643863643764313161313363363636663030373331393962343330633063303239386439643932
64316135663665626565393263383634623033366633656236333439656130313834363662646135
33663631613436643265613235666562396162383165343838356236353861386664396664316239
32343833343035346135303466396564623539376265623430376434303932323132346566363439
32393264366663393763653733363266616533623862393831313363373561646336343632646263
66353136343161313735636336373166386237383938626563663237343730336665386532376164
65623037353635373034633132633632616236663636313632323833666333303037326165616239
65376337316162643731333363333164363530303161623335313161616235306230313232626635
61313136373764346337346634303766383232626337393630353266366564373363346662306230
30613834363564316262313136356432303438396562316362613065323539353533343436336361
62663531636438663136326237323061323633306562653434636166626138353465323762353431
38643436616566363763336263636463666164613931353638396665653036366162646138653732
65383730346336306239383837396235626434363364373138313631346536643064376231623633
38643734373962393064303666613838306435306335633639353334663238363163333430653031
31643630346539353737363066386165383466363232363661613465626137646662356539393934
37343835353030376462396339383339353734373032326466303565383936363837306136636633
61653235353734663465333930306337643436643532316635613765313262393036336534316531
33373761363366396632646563373765633033323766316635643164346464633739366333353130
64386638383037623764323332313331626138323138373934636439373732383161636462373736
31333764633661646332623634386161313434326233653265653131316139373938646434666531
65316530323930343135623763346537316331633363316162306266653136646335633230663736
31623964396161396161633532643338636163663365383262353139376232396366303566666533
36646337383933323066333834386162646233383662663862653739663362373134323438386164
65303861356565623531313762336562323063303964626165366132666464326138336365393931
61303638386266663133323636316536376433373533626436383335616265366632643130346331
35386635613634613230333237616633303732633036303239373439363933616536316265313936
38353038313633663531356134396339643531626630363237386434373737313831316431303234
34333730363534343962643934346166333030343835326130356230333038393264366662616635
65613861623932363365373330636432326530373032663461653135356432633936616435313662
34353162323633663965306335373038386330353065393032316432356636653866376335333331
34326630646666616134346363633537326437306335313263306235633064663665623465313139
35613764653463616565363535363564636531316630326131393935363738363237626262613137
37326332336464343735343632623433383130363134656435306532343236383463316665343166
39383966623865353034643461333230316566323437323430663762643436613635616238386164
34646431653736663963363833353933656363356337336236356436346664396236343232333965
66373566393730616161623266316133643632386232306533353437326361636134306266313439
34653165376537393731316130376466636366353837653834313930633761653264373063616132
34633835626430303639326235353538333566666361366162373130323634643631343261363964
30303262363463636261666562666238613566333064646531333665306230333566363737623237
32343965323061626134343564393766656334363462643261353761616265353139313166303662
37333836336237396363643338393963633636653634656662643830336365323830366239636266
63663735613630363233313137636132623136353563393465623463323062313963383437613865
34663537613766666362353032323838653538303933393434306665636534363639616633653830
36313037373832356136356238356239383566383434303532626561643661363162623466363938
66303963313637376562373631633132396336353537653036306539663265636235343634646533
38383631363537303331303432663139363934343936646163633932353237316364376131366464
65356361313133313732393766396261313137316332633530633033383635366231373264653432
64393063393961633636313136386533383763393563326165646334363364376361353362306236
36373532343863303466616638326530353536306533316433316338383037623934623634346430
39363366333030613638663436383961353239316361613531633137656430633930323430646234
61616336623834636237393333366534383432376330376365383432393636363061303864343066
34643261316563666562653239636631633562323763363962636336633632336365323361633063
61653563653538306533383437323261663630393030393330636139313730353737363132373439
61366461373062373063313230353866666366336530636462653833363363663030396332313236
32333964343732353762386365623332663165633733623438623961653139346361343366383166
61646165353462303366323862643861643636326162633361663565666331393964326534353561
35663931656239623164373932626264396563616164636338356138386534353637643737643335
32333066646165313238323435353264383839353434363035373334636535303665326434346533
32343730313664616636613134623935663636303838323462316638666233613934356466386139
37336531303661356662366634356633633737343965636266376665303734323135623063383266
32343665303931396666326266623135393264396266333638356536626363396330613231313864
39383763313839666133346566363339323463653031353836613836303231666361356435383330
30336338653365646563663661613464346463363864623932393538623262653065383938376132
63346538616465663332323131396633353666663339313038353866663864383739316664306561
35366637323466323233663932316464303439333634373935313237343663346563653038303238
66333432393862633432373137623065373932323764316139303232646365373631383333373138
36666363346136303064363937353532626539653162613235346439643338393935303630393430
63306235323531616532646531303735396662316232653735383061633038626135333462306231
64373331626436343861306333353933633463356233653536353935613839386239396162633165
35356635313131653536386131363931373464313863353664613930353638323637313061323835
66323865383363643864313635323932313462613737633865656430353164313233616138383633
39313762353763613463306665663635323530626332643436316632343762366363323736626230
39643438313566663461373437633062343636643239353836393637303335343465643739326563
37343333633033333966383932633366343331316532396466663634343963626363343130376131
64353330393563633261333961343836643765333366326433623531623763306430393433326534
35356237363737323865326165643862353232396231633261636631306364656666343034373266
61653165616135396438303734616139613264393132363538353362336633643535346332666162
31623032633531663537643163666661303336313763343861393132303833336632353838323764
62626430336139303363333639323736306533663036636237353766363637643932303266366333
34303239326666626133626530353235336133393139343665633666383538353239663466356161
32353837396133623264353637353630333163373464633837303535336435383262336530336164
35323836613537376435303865333366353332613737336438363633363164363939386635633837
37383861353135626239613437386562316161353663643233343638316231316238623539356265
34636163333536613538303437356637323435616530316564366461393635363062333664633535
66373937636433633062636162323335346233326130653733616533373532366136393931353934
38643263313062313436383161336235656631656531336162666331346539316631663936643034
32313639376130356535306465353361653664656366363637396262393661653938656463643038
38333535643537323232613930656139346632643366316134666164326634643534343733663135
38613330626532393264376361353836363463313436393665633235343561323565373234366331
61373162323531313839336130643731616364376139656534336162366438383764666166393230
66393764613262643032336537303361353634386135653563626131636232366437633234666431
63306531366633623334333237363665653330316666303530303261303039393934343662313265
65393565313338326330626337303163396539653934636130343435383462316439383134646536
64356562336634326437346337316465343163663463666438323061356333333962666163333736
33353536383734383162366364323832666238343331386536653866373033616130343834666263
34616131316631643634306165313361323665333534306562333463636161333665643532396139
33633131313661326232633239373131323565333866366261356365323231353364383361636363
32623632356563306433306632373435313434643466666262373435656663643963646366663431
38653135356562623061373732306435353531323030663935613330666336396237623663356134
33633861623739366364333864343739656230636161336535336130653462336633333766623930
63313233656138623330356634316535666535616666353831366162356262363230613835323336
63656637316231373262346463633732666338306364303233363837623866323234333937373136
30343639356133633932336536613131623536666631616462326662316337636563623830663737
39636266366638623430626233386364356131613736333737623963396137396337653764616239
31616437636263353335383664306636343931363736363763646636633033636137626631623464
61646566313061366234353063623536383836663638616233363935343737313836613665656339
37303635303661393430346363646563393664636636323764373239633830353061633838653838
32613336396234386337626135363634353262613538373630333534616363323166343163386233
39386136653762663732613336393330386464383031336461366535366336336664323162313236
39626336653036633037643835646333353831346663636332636532323630613837386166663635
66623365373032656334623730626534636530306664383964623862653866623831656331363666
38633531643065636537643632623337393364633764353666323738383932336432656434313366
39633562303934633063626465363735393931383438623466336565633637663662343563623865
37383562313836383535366431353930653162363034666130373135656533343164653532356165
34346161333331626363386661333863663963376235623934323333653361636363373238323463
34396631366339373638366635346634623265633937343536633335373235353435303032633962
34376134346339326334613935316331633663663864653566393231663264646438303766613163
39666661623432386338663466633139333161373262633834643065663731613632346230656464
37303931633535363263613838333266303638316634363565626132663365656461623364366664
61623362626136633036643831623762643433376631313237616530316463343863626165623464
37633432303365616537623839646465346633393062373931343237613466363838646266663635
61376535613134383931303339366534393033373661383564373635383838363765313733613462
31323932646162633435626133633532336366366365306138323266363837646638356634663534
34316164313733656563626662303036393438333731393066623561303730303166626231326362
65663235613337376130323631336163303836613964656562616137663462616161316432633435
38633534663664303562303765643636363236343136396239313437613931653235336231656630
66616336376232313036323638333734373062643363623932353231323163356631613837373437
63383964623332643464373539393138633536663737316634613430663064646337363965616338
61666462316664636135363033646461316231303639666330343332643234663835383532313564
66316637353831326235646535663465396231366530633032346233376666613835396566663865
31643662643833366261323133376430353037303135303163356565396231613237623761326636
31313937316230633732343562303737383336616631343861366461373433333362373766383239
66643366356465386337643736316362623539393766646462656661383432623262326439623331
35656130326661396439353566363965336134653564393461383232386164393738366362663330
61363031386636626237313835383439643732353865306232333334303536366666666265363161
61313663343861373936313362643066323366333062313663356136653339376464383430303236
30376535653364666536323338313234666430373862626431323262303936626531323833623137
31616632666662363535326538643832306464636338346336666366303865326163343466326361
61383264633137373266396661323064656331303564613562336637623338323865363334353562
66366163323931646562383638633062373864373061663339613632643534323466386638346436
64613966363364323534333466393762623836656335306232623539623138626139613761393239
64373565356161363463303938653361363433666461396236656431643332343634336463393238
36653461633637383262306466636431663631303232396663363838643635626161346638393837
35316161623465303532373432306666373230353161393937623966353231326434663530356432
63323239626534616666616131343536643634613438623266643132633135386231323630633033
33616366336136373762393337336134353666656530333039393734353561313335643235353163
65623330353964643761383631343537666638313063323139643930623036616434616230663265
61323436333966346138323733353230626231366432336336623865303930666263303934646661
63376339383332366666393536373735353737333238303137313466376161396261336330386531
36333234656664356433626138313239383265623931376664343430346562303863636430616137
34343830613334663039643137393863343066373135363732303331666663363166386431613537
64343739376131616230366166613036353663623464643063353463633862343464386262663363
38643431633436303233323630653035636638633031363432366535323366343462646165346131
61643239656436343234633436656437333962613462633331386663333537393165323035373635
61373963316264316362616163623932363930643439336561316465653337633163363631666262
63663735666262356462316331353830346262373130333739383430336438353365316138393735
62663833666137653831336238373831613535363534346631323338623031386334396162333935
31316262643663303966383434653437393365393239666633316139343731326266333836353037
64333364623234626666663537323162353964363830353365363538633332613662396330333437
33653932343932656434363362636661353832373531383231393639333462653938656537393936
30353738633639613161376263323436363638613833653238366130393839353437326339363538
31323262616635353135623665323937623139366561393130613536343665373138323665303536
61636233643033626566373339363134643338366138656361363830373933653433626537303939
66633732396534653635353233656363303464663036333961323730376664396531653635396362
30323362383666376264666339633062396532663362646262636338646332363730366662613736
39373338663030393631623336373465393034303363336264373838373162623034356534323663
33616436373632323362363633633664656163346261323035356662653466613836636430616331
62326531313732313035336237396630623336333062336337306530663066386438313861333739
32333764393236663565663362363735346331626634663836666261373330613536393333336437
34663832643431653566323132616666613863356164626133643463303936353938353765643164
32663134386266383561313763353138653530633537383363613234666339643936323362346133
65623665316337306266356132633932333630396165323834366536656166623034626132373131
66313036653138383030383833373034303234323137623330626231323937636665623734346265
37363233343632356265396630626636356434373831316561393665333930316233333636616162
66393762366539656337626561346532633738363232353263643562336434396264346133386136
37613233663032636637616339376335393335316464313636653034393035306363613135376430
62663636383565363038306138653062356235313966613039633064393735393230663164393162
66633231656466363735313338343662396364346262393465313232633565636137393236653837
34383765626662386666636532623430376666613533613733376434383136623239316336626364
62333931663337386331356336666533613830363464633039393530363265353238386532336637
31663961346334383837613761663863653933633431363737366363306538663632613264646539
33393337663837306532376432326637623838626561653965323336363030633638626463313065
62663633363864326235376239353234303164313466633864383836623666373239336633653434
36343565346431316639656638376433383465663763333665333535323565333731333537653461
37376230626336376133346232616236653633363863333164623436663665666339623761393333
31306566373164666563613130303133303463396663616236346430343465386234623662386565
39396237383237326132383038383532333439633263616164626333626364633561396635663162
62333364376536343430396366316239383763333638656137363163646664363364396566623230
61623461636538666166333735613661363065666363336533356539373334633934373564353138
62653039373165396535373639646238653463613464303830363433303265653236303538663939
63366531313364643337326331356637396466656665306561353838363639613038386332376337
61353661326437363537326538373933653435333233323632383462366465373034376335646533
64346138336566633830663733656464316165333634613230643238383535663864373531326435
63313662366234616638303232623639366134646265333161363462616436393364343864386262
65626335393638383966363633373031396232363661666530623464636536626335363862366133
36393633316165643031306434373365323565373530653339656365313436316138653035323438
33663831306335373331333334613738326434323365396333303837626634626633633839336166
36383533386265656433303865633234336439306662373232653363653163316633393535383933
61663564663333383339653234303630326166333839336632626539366533343331366139613633
63306636316539333233393966666465646266613430393364393961396339656166643766666561
62656237393635616561633632646337633662376666326632386432313463333736316233636266
62386666343237626566383163643731383865316438663930623230303739363833623834306263
33316130663833376363303366313861333663626636336339666465363264356438363536663138
30356461386634623161393333636131656139643638306565356233323638373037393130326537
38343337363935313264353764323334633361383263663331343035333930383634333762383730
62616535303938306231613463333735623361386666363739653235633830643730666166643032
34623166343061643737653530306232383066323464303334393263323735636665643539623832
66333064653035363639666531313664663466306338373531373163373330303163643133303931
33366234303164306638616132613333666663393739633763393736303965313730366566626233
66386331613362336437303766356361366538363236636634653765383562643165626462393836
63383832353038313062396333623966613436656663396438393364393434656362396539343331
31663536356132663935333536323966616337333330663235626364316332353330626663623737
30646464376433343635346137393535363430356566333530343834396265373338613832383437
32376262396236636338623839336133376462656537393939376163663539306339623066616464
39613465346463373839313866313636313339366362366332633563633961666664633833383362
37666232636666356134326332366133643231383237353338363735663033653234623666373439
65333832396138363838666262353039663530343835663434623035306636313834373939643633
30353164616535616333366464623636356634656635633866613361336234386338306336613063
30343731353761366135326134663066346566333930313936663038333333376237646461303339
63336139313063663839333630616637333232336136346466356630613335346338373733396333
63373432386666376433316165363538373462616537393135303835393731636431366664363232
32626162646538336663643365373962323433336237303366616665343031343961626237346634
34303635353464613263356662633236636262393065616566343634366564643366646435376234
38313063303132383464343962653966343637393764646533396537666464356132306562643164
30336230396264343636616434626135356537626536336436653435353232333631373534373363
65343639393230613465363036333937333635616431663533366461373165386534663064323833
63656564616162343862326261633637353062353933326362383966343131383431666331363732
35356536623764303864653736646339653936386366313361336563366566623664666439356665
38663463613637656538626236626435613338613131366564303465333766646132363330623530
36633335306466353437386235376133333564323262326133636362666435333137373434366561
35313332623636626331353236316161386461363334393133626265626334623466623865643037
33616564653933323635383038373265383264373735623836306265313930323930336233336534
33303430343532643566623266353837393664633664333765343665366364663835343461636563
33333930363666326231323762326361303437323666656435343138656465366436363739383134
38333662616464333164633336313533373238316335366331633935613734663964643633313137
31623562393564393262623764306266373861663465336636616132636636373662343962633432
38373035396261363033333532646465623933393065383665663664323966326434306561363936
35656162306462353336353831356361306666653431643065656435323338366432393937363638
38343864363365326535343336616231653666393230336338653734356331383333336539363263
61663263393039646237666464343237616336333339313839626134363435373137343638343638
36613935613638343131383963353038613339343238643035333263396234313966666236326132
30666162646164393838613462336161373961306534636639646330613364336232663631666436
61626332346462323765303831393065383366666465386636666639306462636532376532386362
31613463636633326236376532656364303933376263623038643161613335306564313034626536
63663939313266356436343638396335653134383662386631623736326338613964396361626231
65323462303962346165633536363463353035316630323739663333656365313765623363333863
36656664313966653964316261343263363332366366356231666365643561353866333538393836
37316133363537323132336634383563323238366134343531626332366661356366303038656537
32373333396261323836623463393331313865313162623662323937313466313866303564326638
62306337393139356638316238366466386465303065633363383138636435383062353534643434
33363335656639616532383332326261326430646365386637666131326232616665373930666133
31366237306233373134613366363665333131303166643837343437346536396663646532343334
37383531303336653337313735643063393533326237316562303737393966306337386537363162
66363330346431666264656136363665373663306534366235363762663930323337363766633933
35366333306261643635343761633032663038373032336439623164663035653832376636616639
37353633633038306235646564333437383237353964636666653939646234333034326330646431
66306534663232323936353137376636363434343433663264363462653966346665616437383736
33613834353037376465316632663438353432613737366133343662353234316536656162626365
37343431323933323537323262323639366435653062383438333937653361386338643466653564
38303132383762646430366634353031396563353633373036336162653064633637346162336436
38303766303336623361666362613134353235663231333162633162306539393164643162393833
30333461313934623064313965366266343033656430653231333036376638313636323337656665
61323664366164313861656236383537636334363136333838396133306465336536316538333864
63396536363230373333303966346264653966663734343163363835653739653732363564663936
32653564376365613637633033333264643835336231613338393661346238643837303239356636
32363731643436613038646236373761373936363732313136376362356636343530353630336635
32346663356639326638323030346333383330356265653265643065633138663837653839313734
35353763613837623566376461393734623130336339623331363336343830353261386632313162
35643235366132656239333963366338376139636261346230626238353962336432356138653332
30373263336334616561663632343662663739363364386662666230313062333639336336373630
65366261323164393035336431646638326134623264353565313935616131646361393262363061
66613239313164356330623938363863376663333137646330343665643638376236383732313833
63643039646238303135343462313362386233636434663131363461663763323463646134393132
63316464636232343664663431663164363934316165323238336136306133633433636331356363
34333539656137653733303363656365356231336665346636653366346433326538613262323030
38646232373362366161386466366234373262353666326666613839633531666362326339653632
36336266326162353364663736633938633632643862386564303939623135343536623636353562
39353230323364613930303735353632643231383966323630393834366334383733366431663730
63333137663136666436336365356637663461336533333239376663623366353138373166306364
32343531643266386235653433396563613662363662306139646631663234643631313236613763
34336235626536663332383634303762303837386639663332623039346661303263633739656535
63306237363332666236323234633835353665333237356138613032623333346336306662336233
66626461366565623135646166663161653638616666353637336332393062343132663831313430
35386633353830653934666164613138626431333334643065646333343437653339623136663536
62623635616438306461636333313134343634323336303836613837663461343261366235336636
64356232626136643431303866646665383464626233383462656666623736616166363233313064
37313231303534643934643235633664343965653738613939303865373663373735633531326166
61626633613737333335623462336534356437666438356166383164313036303531616136383434
62363136653737386361356535636161393737306530666630363732343837386666363730313266
61386230353636663237666465623761396538653934376636346665313239623863363564316232
36383965356335646231383232323835323465646234353934326266306533616264333130383263
66353130613566303530666435613630643933353630383738326332313166303862646632613839
38643930333538326233363530666265646539353461623733633835666336383964366536336330
37383137316530373633396663643433393263313332663638366536346130633061346330653964
66633335326437616662316338623032306436356461646563363565396662356534313230313136
32616236393162653662626264653366323739306461343333376135643736346239373839323936
61616165383935313763393630353539353535316262626533393263323139646538646463653930
37353633623863323931663962323538626432313461353635323933336261373037383732333232
35313062663036313363636432356133663966343164333861316538633763373632656661656333
65626238363736386438356363313563323039313935333837373232323139353035623234356362
64313765393536656231333237643465353635653832383232623432636530353637653137616239
64656131393838343466623634396231613035646337303738656465396538396538393061623530
66386161396366613331343938633765333532643965336635623838303331643863356364316133
66323637363335366264646463333133356239313934366661623862616631613830376135393335
30623437306662373532643331326137653036626332383666313932396538303636313666303738
66613031393536323938333131653335306530613230373536363838363339323764373934323364
39343965653133343737336364316661323662636633323363366336336630656364386439323032
36653963393263613036623138356665313964326262383834353266646435323764336132336130
31383130393235383465636264633836666132316266353735646261613564303236653732366466
64386431666635343838343836323935393163653165376133323937653564643962356666306631
38663264323962643662646366616432303065366632613261326536353762656333656437656334
32633261643463386238376634356533646134383834623135646537396665666466636461656239
38376463353664643066646133363761323137323935666165353663373435663231656236623433
63353362393462323234386230653237306566313531373332663866656431336564653766643366
37623834363065336666616161303661616438313664313265623166383935316465616665333835
37383364306164316365363764323230393436336539393138623136643065343236353632653934
32636666303839666232626363346661303739313436626163373236626632663830353733643233
35616165363630646535613063626530396664653737393865643766643666313062366534313030
33333638373332353964663265623262663631333363363230663761366535386265346362323637
65306133303836336632383365623631623365623533613530373534373966373466663236646565
64623239633934333936616334383030316561356465336639373736346138303330633636313137
61633534616665396131666133303537323061323961623564373830393633383939393439323965
35616535646336636133666465626139613938613966313636363438383438346539643937373966
35633834333861323665363134353532303832303337343432323336373363666531616566653633
65633563343839393834326366306361333137313539613132373933303363616463316366663135
35316331306439376163643030646533303133396437326539353963343764386239613562663862
61326131393164646239323335333533626436666637616133626637646136643337366664666633
30316132353435393834613238666433343838336266376135306163373563636161373863326431
61613236363831623038613161656531626565613330396135323639363136393663323964393636
38376162353863386236623463306130643066643263386463373766633837356531633839623031
35313835623765633834623161633636353133646261323361346665386262316236363066396131
32373433323838393031663338613633333833613534383037386637636439633433323835313939
62313839613938626530383431383464333331353637333236646664393266366331636330363437
30303539623565326564326164633634393961356362643039333931623832666164303164633236
35366235613765653934613566383137613230613931646636343736396336616561316466313237
61386336303034393134353239306130366336616463386436303363313065643937313738336536
30373330623665353666616266303739316238373930623664313066306430353231376331333965
63336135643662636430383232333165353236333033373939666632613762613565613066393031
36373138363136383463373336663434333234616430613830613230306332323863353939343863
38653065336664343239623839666337366233386239356434383232613838653564336566373639
63626363616262313036376330366636653832313536313161616634376534653665326635623765
37623163616438386161626561633361306130376138613831646638393230633738313933383430
61323164613231336364643035363764633737303333646164383133326664636234323263326663
66333136313038323264643637333566666565396363646138373136396430353738393937646661
34333438656164643930316161656239653066356337313063613535366531383235643739663361
32306663633835613461653038356664373362636339353630333237353461303561346662333436
63366666393161623531366437306261313034346333393931376339666632633835313936356133
61626561393762323437383666326139356465633536393732363562353138313465346138326264
39303431656533373861346632336131353938623262616362626430343565393931306431316133
30636132393066626532666539643930356632653234666661653661376431376137376330313332
34663462613766373634653064323538383639653163653631633463353733343365323563356137
38303962343763313935393466333765396534373436623861353232316465323465633834663566
64666565616463313564366634336239326435636161623630306164343332616139353261356530
37656566353538623132643261633835633038383266643337313262333665343534613230326534
65363935323238656132333634396136376466313366323134313639613933303834633439376135
37396536306466636237613037353934313236393465656135666364616433613635623034623035
34303763343438613666366666393065326635373265663336623938633832326138363835363865
36613265663364306431373666623732343039303165373739343730633366623361633535636165
32366134353239616330643137353734333033353432653335623135346161633134636235373862
65393837303662366238346563333933653535643965643138326362396434353965363433643061
62643961393061643733346263636330356564306332396466623133666235646237333634653462
34353431373163643437373338626331633632646165323135633166326331346333663338643339
37616432333537396265393066373665623131363731363162323339316162653466393937663161
34396562646662666162306233613731626261313939343032623136373732303130333965333731
37623963316539333335653539353439346137663963336233313963616435376630326336356331
62633761326439653465303236353162323434646566356332306435636134316538666164396431
38376239303534383861663361323630386362663236623965373765653565323939323238666566
33323530363763626638356433343334656233336335393934366161646661313861616537336662
39373130366465386266393634393938366662643566396364353132626661653739323932633361
34633661316135393165653532376135303561366137373936613962646130613361313234376462
65323365343531643638626534363635383763383533653336643863643562333861356130356238
32346336313233343965386237383061316165356266383735343065633331326237396163653330
61303566373266363466373632363437343039373434613636366334653533323935313365363064
65373736373861393835653037663638353331623630353366363065356461383939306335623439
38353534353662643837663435383266636534653330336166393130313235373065356532326435
37396461396566303266643438343532623733303134373862356566396262653037303461356265
38396235326265306636646232396261393832336263343134666362393137346234306561643339
61653738376363633162353130633231623366383262613365633264396563333763633563306662
37643565396632326463316662656363303534323037373238343730616662633136636532613338
65633665363030666233383938666535623537336261646564383465643234363132376666313664
37376131356463663335633639373939383237356331386430646336323730373466343438383165
63366163343135623336386133303234323464373563316130636332373961653832333235383861
37383863666232633533383339376335353731633162313164366235633564616365366234323361
65626432313234373634373239353737363362383635333437663233626232646135366665383832
38393564343663626665343139333864663561663836363635383034346234393033313931373139
33383330656532383438646437633331333965333335363165666336313962646630613134643061
62643661346636613263396537356539616235383063383938363934653931396465326438356333
31376631656165643139333738643130373534386139356265633861376632383861633333326163
39386438306133313033616334393765316662616136396165346366393361363133343937623334
30663338343132373236356338383833306566316334646332366263333261633433333132393165
63643233386638376363643336343663306535336637643832633664373561323232316166383039
39396461633564666263376462633562323663633361393237343932313738343332633765343834
31666434323631343938356535386262353261346363376633623862386161326637633765613162
63386531303461313766663638666639343433373739306562376634323533363965323538313835
37363139363266393564633631353134653232663834383533343335633162303665323062353063
39323866633534323435623562323966616234633162613737323230333731386335616565306238
35356365633134323961323035336633383739343731383936326366363837376235353130363361
61303135326563353333353137323364623432613339383465383661303130373331393662616135
66306637363533393137623131656133643562306266363466636334386664313735636135386566
39386261313335336339393134306536626665356364323531303266363736383833393536383766
30646337633034336538353663346366323462393838333336313835376663313330373766633233
30663363616235313866653531646534386431373937303165613763376630313038616163666635
30336533656161626233653162316336303939373366356263343330633235393865313534356265
32323231346637383862316562326166663931323938393637346533316230613636343733623262
65393034633137653336633063626264303930623361386162336139313437313839613630656432
66323638373535323933383132343031316361386439313361333365626462393037633266303862
64333838623434323738356333343231336435653238626364373136333137646566383436623364
37653237663837363230383564356333623032373239346664666165386437383336323332303163
38346164666532663130613265303631323861323033336339356163663333346230323934316532
35626634306466616631326365373632663139353430653266383636353636373263313266626237
66643966366433383039323363333432333165316164656232343037666532393366306335396535
35643639376435323332633830363332613764613539626131646436363561373734396237666665
64653432316236663063653133323765613061646536333935616337393930363365656437666535
64353464663038343165336130313365353533333666346663653364333731613165333230363034
64616636623831373136633932646663656538343032356438333761636334346561383062353465
35333932333566343535626533386136336436383337303831306135643635643730633263383732
34383435363636363335633337383738613263313665373961313236613539363539343137613363
30666431316263353235323334303236393534653839303066303334316138353839333438383362
39313730636661336565313965303863633634373365326236626365313863343232353636316133
33633630636565363764303838656133363331653636303632323735653530616165333862333135
38323037323632663362356232636566653337323337643961663030363365313632396337333233
32333464363264616465393033623463363131643338376530373436393739653863316263303763
62613437613835353937343164343633643061646336336663386432373438636536653265616564
39386436666463633032623935626139616365633935653930646663303861373334643635396466
30626234313032323439653435306232363037313630313331633934633162373236303634623565
61373435376461626632386430373738326364363061656635646136623038663331373161373365
30666630356539393132383336323234376338373738663833653339613165363562643935653838
34346466623731303734383865656661376565343861393231356432326566363935353037396335
35353966336566303561396539613462623030663734616261336336383365643033313965366531
39636438613466316631303932623363623539353935376238366266316362313538633162326364
63303639356530303736353531613533396535313834326666636638656265666633633830303964
64313933646232613039316333343238663665356365333835393339646362373165636536343337
35316638376235356235666166363464313164356239336137316364663766306461646133623561
61353266646637383434626364656564363365633533356261663663346236613066303561303534
33646431626137633635623265653737653836363935623161643735303433373839313532633335
38663931323634306634613865366533323662353039363861643834636661643338653639333736
61643761303337303865363238666436373962343638623761363134336365303963653737373861
36336138663166333561626436636431323461353338633966316162313537333062356131653761
37336439316639313866323938323563333062366439633739656536646664353731316664323639
38333031313735393463633565383266316330356135313433353465303036336333366261636462
34633234336134383832386139366462376431366662393438323630616132316462343636313033
63613463306230633936666262623036613134646331626138363366343132396130666434646534
30313036623230316236373961653066646632353133353565363163313366613539346661323632
66653031336636356435346263373437323134646363316166343365336236613037646239653336
31383435326166306234326433666163653536383130373336663963393763333534653037323166
62333139366161313536613564626461663163656130346533626531383565613362373639333862
33343735356332373032326139316262373135643264646433323939386465343630393835666663
65396564643362393261613365373938393835613761353764353761346638376636363864633765
30336638313935393237303832376631313765383261626639346432613139643838653837653163
38623861333439343261316336383165636631393632363436663262393861653033613534643262
66376666623037616439663062336265303733646530626364353462623637326462663366623632
38653231366364653135343566323337633063323035623962383064323661636266303665303963
61636262636331336334306463303261366535313761613566646337613531303766333535373834
64623636616636656131373438323166373866326538666534356438643462633766303364333638
37646661343338356434366430323163396538356166383461323332303963303264366339353436
62396434303965646438623362653137333464363562336261326436386434633135356530376234
31643664663233613161363333636530393361333061633361306534663531316438653264623234
34333335383261373236343430616339303237616365313866646263633564643136343163643831
33656330346166336438393062626239373365306134363662316634346436613365356164323964
33326665383866313337633837653937663932623533333535343039633135316665623462306534
62623435386563633665383763313537613332396433356633343233353534646539316266336530
34366562396336383863356161333632393933376338313765313866646235623364636362393864
62396262633934313136363635353337623631343933613835333637386536323563656365623337
64623630336431343433613335333163323131386634653135306136383532313364373662653530
65366361346364356662663931613335613736373737376161323566393965653132333163376631
39333765326432306338303636353762396364656563323035346237663736643764643336386130
38383065303039373430303364353634656461343838616135393836356133653366623763333465
38613639363238306261316430323934343436333737356264623766326261343632613835663865
63386139393561396232396562393162623938373534346138313631633539663134646434373234
32373339616164616465646366386539343136323930353162303537613839356334323931336339
36366232656562623130323034613939383766616437396532613737336531646532663832306236
36323363333231646331353161323637623538616661633866383661663763626439323266393431
38633536383765656631316237643532393338633964386330383661376462613330393537313663
32343666653234653237626362643730353334376131616131646166353738336161316434316131
65396534363764653133653665356433656565633566323437353837316364333261333963386433
34663963373536326436333962383332653261653765376436303831353535383165633662333062
35633664396535643462306238393138313765303362326163643733663931623761616166333731
63323866326337353563333536303830316366303532653965663237356566383339366131646262
38643465343931613366663334376331313631323035626437386630396262643864626138633133
38376361316234316632373237306665366562306361323531626664366466356530333862366234
64613432633364653232393136303536636262343861313336383530373630616462333031323032
36373464366433663732626631643563626334643937613937306131373037326438653633663236
37633737373935373464646366356662386338613864376539373338383537353135396336356631
62363961356266646531336166666134656530663135626335303535346431373533623533376561
65303462323864666333656539373733393932336331623435346239316263373035336532333935
64626364653838353766343565376164346139313336346431633639376531623435353661393366
31646165303233663865373638353037396436353136616164366235636438613532613532343137
39346134316538326636613730613238386139646130646432313661626162643239363938376363
31343038633064346135626534356666366337343735653731373661313766356132326466366235
39646637333334653964633333353761643039356262623134333033633537333463636331343064
65346231393263626334646665346535633464633532343164646239363434356637373963616364
30633630313964303436663966343165653733323630623436316136306266663138396338633565
37646462623632613537303835623263356333306432393938666539303765633764323539353039
64663836343563303564373431326534633232383461323234313162363839363739616132373832
35373661336234626466623265613561653433303761393931666561343430353537323466333763
63623738363961666662663163316532356666363338323666393235666330363731373637353663
65326561373430336134343666333562373037323039326362346433613565646636393162613930
61323930613963663136636135623563653330353965653734373531303065303835633931656230
36626338393366663733656635643635393533323663333034303966336638623831356662653566
33323431333166333235376238336432306433633862383464323230316164376636633532653332
31313362643934383161643261363164323937663566363830333565396237306639346337633963
62346161363962643539303336323930313535623962616632626436343461353164303336633532
66356263663465356362613361353834613636633063353336383266353962616435663938663935
66393836656135393937316461366561333461643633616532663733643838343463623466313363
63353062646262353263336131636335306437373933653630313932373963323963383365653933
30333231346263323430393533663339626631393561663162303738613433303236313330336563
35633263333566613164623565363634386531616333393033376631306163383263326661393663
62306162373732613366633531303232386635656161623231386635643562343833663736363732
63386134306131386334613633626130613535643038353163626163633339323863343030376462
38343963613332616336613963363338643233313635323834303731366633373066643836353962
34313938303638333431653563313261363938636131366362646264643534336636396661646636
63313263656165326633643233306462663565396632316630663033656237303966663861323165
32353765396530626232303463323135373534326132396164356338663433626565643762653333
37663831326638646630383232313036626632353731356133343461396665383838613834383435
33316461636361643131343338323138623134616633316634663839303334663462303537663565
36346430373861386364333466383864633133323366663061613631386166356461343231346132
62356238316563323063636466356432636130363737613861323262613436353565353731396537
65386631353432336162613935623030306536356437373738653733666230313637633066396433
62326533646231626261313038643135366634323066333738613334376365363137666565393464
38613432326363366662663161613165393664376435386133366165393961616430313634363030
30626163616138356363356463306663623061646565376665393862333334616162643233653962
61373637346364623334626633626535646631373364363236376635343032613231313633613465
32616531623465393236336131363432616332626533653034386139303637633864343939343236
37633831343563316334643762303064363864663364306262366438303261383430373230353162
36393931646536303334386233623836643532643263623265636133356564343261303762356238
64366336373639623039643631353431323766653639643637636630386534623963303236373961
32623634643831393731363336613165636137656165393466326130616537666330333632636539
36386331336438613234623339393765646564343139326162616264303663343332616338373532
64306435643062656231333066633734353562386161383932623439353734373731663339626439
31306636666437373837616365316131643465383463663330643963613062323561643935373833
62353432666366313062653032373936636364353264366335626161303264643765636466353333
33316431663834336335353939383838333131336134613336643630653430333632613438653231
35396131333636376336643236613730663262653738623533303132656166326238393439626336
38613334623265666636313736306331313566303838613462353139343237613831326161303065
62383838656165643631626333346163343630386331353739323632353834363834356438396436
64623334383463303135653231616638643463653438323434303961613063663966313362326366
65386363663731343762313337373864366563626232393831316336326530303538393261356239
34373463666433336662313439313233643464633530313865666534366336326238306232646630
34346133666561613966663463393735643864623366656664383662316237316262653266633762
62313034646437376565396565313966336434626663633734636531623363663536393832373938
39376232336565303263383362643333626639663366646438303436613434376165363933383665
62313965386536393863383731353561643063396165313535336461616334353333313837636234
38306162613934303739336433636635653961613334353866303730613764643531653635633033
38636463616465333337666162626336383965646166333833666666323437653764363962303039
64653639646566336336336565666534303034316163666539383837663735316337343236646465
65343133303530326234323338366665333530333466643861316633313531633536663336633465
34333531643633666330656539663136333531323032353164613363636566376239303838303836
32633566313936626638663834613963653135303331353961316137616262313165616438623566
33363639613835663064666236663636336263663564643063626131663437343331363966623261
31393833633261373861313936643762656638613464343865616433353062336434643836356666
35343764393133636663363663643137396365376338326637646131303137333966323734353032
32653963646339373864316335623731666536633766623063303636336334373638346134623462
32356661623633663236316536613362383430373932316532633763636331313930326132363633
32653262363735636239313931363864383036636331303435303233383133363461343866663032
33663038396561653434663137363166316663346161663637636430663632656339633661653330
63646364323635316366376539316561316466633361626530336666616435326561336439376232
36633238363965373364396337356433336634626364636162386637366533313135303763656164
37333738633336313031623664633161336237343239623266353764386234356261383839336132
64646562356566323665303363383236303338383131333939366531643361616532646530393336
63633032636661666434623436333461336537326134633637356434666665393464333562336633
63353534383134363065616538656230396666353831333330323032616433376161346538323733
61633464643731366138623564643237393262653839656562633637633934376639633365336130
38373765363239363038326466663463313564373837326631653037643233323833623639356536
32663936366462376461343766363137383261386430376139363834356134313761303639386138
32336535666233616537373437353232366232393737363635396137336332623831383233343536
37343831373838336634343761356133663333656237366465643438323463373933366431313231
36383838326461633866303863313535306562663364393366323130363738306533323736633737
63313639363737356334643361313362623764613165313564623333343733663230623230353830
36333862623139383838363835653465613263343636646239373436393864333132316363336539
34393162313637356433373236613634383366366231303433333861616131323736373939663838
62356431373332333430616134663933303635356561613037313332336461346463363761616134
66393335303434366431313631336634343634373565653466326631653863333434656263626530
63373231623334343333323265363535353735313231383230666230666531646230336239663731
38653634643763356538346531653062613839653436343965373033366166366436623037343238
31643231666665373939343638323737376264663466653138626432666465373363346136656635
39376665393865653766306130653530313761343465653035313865373861383239323136353564
63353330353061383536386138666235343961636564623331336565323734646336663631633431
35663164303837613361613735303666306635353034626439306331633661343830623235373566
38633939313535353331316537383361353465656662373133303033346166313630366134313932
31346633383135333666303436623230363430646532366665373161343366373532616165326430
65313933383361383939303362353865303262313563326263323938326664613733623830616632
37383236333731303531383831343161383036613263316266373432633633353865303139643261
62323163373266626464343630336663323331623864656366623133643437383138663762363935
38613965633538383537313638356331383938386565363166643966363332623266636339396132
32656535363730333239656365316361636663353931363631666435393036343232643464356330
37346462333438626234643132363561336437353239646536363639333531333061633639396266
63623037336439373665303963643765383339613366326539376230366534313563663863326266
33386164663936343536613735306535616135656434643932353165333465353862393561633935
32303863323039626664303836376531306162363662366565346465323762666463323133626163
33646230323361313039616534373231353064643430633131623532373437363262613036636535
66653033306365666439376164303765623835353036346436336235346134633831313166633930
63323765306265623636663664336334373461366230303966666334616231356435303830386664
63323435633865393161313835373630623433353566333330323664343639333938313162356462
39313766623862326165663164653032663634666331613436333033666630383764616234373066
63303730613863356532623737353033643565393839333634313732626462353134376666626539
39343062393733613134613435313062636135316236323433666466343530623566386637353236
39663135653064653030353561306233313561623966363734303538636566343636383430643038
61326633636165363261373839376638653430663238336337326266386131313761616537346131
31363937363930626335616332376535336266333631303233666437656339336239363434376239
31343638366163393863663733663038316466363537333163623635343336613532306435363465
34366561356237396261356631373031396338396633346132396236373264323431393930353937
65346531316631313431356339383132616636393037343465353463663765653237393038616630
61303461306134383938373162643666393762323762323661373734353739323436643837643732
36383839353433336334386132373035646533306237663065363235303633323437623638396231
31393831343838643332663238363031313530326137623862393439613963363562646234323161
63663838396663643034386466386231653038643966363733613762306266663162663438303532
61616338623464343362356636623963643936636164613533333033613564666330316637373863
62666266326332336166376636356336316638363931363830303830656232383364383535333230
66653263373261393766643632373566386339376431346233643966326236646334616536633131
39306166386566336335353538666664303362666439363466623231366138663136386263363830
35653630313936653563653535343839623733383934336335326236653164626439346665616332
62666530393537643935663863626439393839613030383265386631323834363937616461663433
34653232336435623534343030656431306461623530393966666661336439326133666666613833
36633166336137343434386431396237346237313661623863386134323635653435316533623062
66366363333239393634303766633462343330613739323834613563376633366261363163393566
66386634313566353833393031663532633632636665616330623065656335346236633230363833
35393433336438643266383736316630643265356364393736346438633337363231386166633433
30633830653062386364366465343135366265613239346666306465333234343966376265666264
66633732666664346332303664366531323165623136666366393361323361313936363861373965
65613565313038623332666266386166373534643865653734303038626162653166613663353139
33306235663561306632373635396631633330353937643735663062643733303037336137643739
30616138333135333035373935393264353130613732633136616164643736333362343033363135
36313231386163333861346633653339383362653038326132373862353633343237333766663135
37613930323239343636616663343638306431643836613033313561393038386563336431323133
66386261373339643163303661373961373931323434343764323661356636396537653863356134
37363539373138646335326538313639396364656363313037303164653035333762656335336565
62373037383564616332383434643035363430383938616139353962303437353934663032333130
37303234313666613365616330353835643461343534393533626432343666353039323430626232
37643433346534646133333063363763633039303736336136323135323432623833346233663138
32626538323630303364663535613464613463343239626430313833333666323965666133356137
66393266313665393133303134613430383831353032386337333931356633663631653638633462
38386664623938633364356139393031363561306436396364373637616630646438303033346565
64626237643238313230653938333065643337333866343634316237663935323432373836306530
38626163333434353565623565353838613763376335383439343163393066346464373834306334
64376439633362646231376535353130346563616362633565393839373836616438643862613762
32323132333733313865636339366361333464326535333662346364373534393263343762346436
36386630393439376435346262353639366436643437626334633138396332663237613365373661
62306637313435383564663837313264356436663433373765626134633732633238313832626237
32656237656561663139633766643137376336386537336236656632663233396263303565313031
31376665383865653737613039613736366136373161393830623438633836613639656535656437
30323930313464303162396439633934313961316539363031613962306265373861376237653136
34343237613631346262656132303631643634346663666461323962376638383363643430366664
61343366366134653036653363363164316264663062303430653135383461343636333739346263
33383963356365386165333535303231633639643137396562346534346366326236616434316262
31303463316561343864643566653630383432386337393337313436616431393530623665333366
65396538323435623930336133643836343862646131656435316236333564616132643033633136
34613237346634396532346265346132373365346239333031353030636533373566623663346562
31646637623161386131306338393835363331386566376362333163343230363865366130656235
32636438666164663631353265326536356164663663336434366166343762373433643131666366
34323535373233313063383134383561376461316431363430383261666161333332373236393137
63653939633634383434663466363732663733333464663138663065346530643562616165336333
33656636396466633939616233326136336433366438343431623433303433653666323861666366
31313831306431663266396130386537626432653239663666643934336538343938363333303866
65646462636230666136313632373237306661316664656365363738353431613132626231396534
31343930396433363731363464316363646539323631666564326262643965386165663165663738
37616438373931633963366466656261373337396639353232303533323030626631303935346130
62616233366663323263373863613937346235313938643563623830303138343161373762636234
64353335376531343037643037303939626236346533323538343164663138626334336333303730
66666636623862303836643166373062393637376333303232653334613865666138393639376362
66323138646466373832643364653132366131353363643838623462623030313065376162623030
39633338306136353431373831636135316431343362636637326638666163623839316630316561
35353861303533376466366133373739636231373462666633356165303761333165333139356331
30363966363461393332323133383639393563393130643861376565343631613135643937396331
31656538383861653738333063366461613761383734343539393365326563663131623566313631
61623434623433646330373532323065613335636337353936633631663530313633303766333339
36363532616635373665343561366261303363336263643663316539623265643338643134316664
35616130646533343737343137366336323037386261366433313066333534306231636462376161
31323036646535613233303232653961386237316433303663323565323665326432333035336134
64376637393233636236393235643762373666643164663034343361353266306362636364383035
65616232333361336239653361313432323261353238613764316237633531346137663335613163
66646531643633366166666434663264323634346466386163646539633438383961356336643032
66313761386162656430383461383734336434613661396635373231613836363639636464666531
32373233643035643739653963373165396361663134646233393066303038663265373362353535
65383638653330613635653133363264353066353062326535373837396439396632326561313562
37646265366162613934366264623935303365626130663839393864356436396363316262643838
32633032373865626437656232393930376364323663363864643837376164633965393839306339
63313334373636636632383865613138373965626335613038653732343563323939346265303662
37623131666131653262383237323733376433383234663030343331316137323433333162663033
62363237303431656139333639613031396564343664663435626430623131636639636331663131
62646264303436656136613132373537626432633637643233666235303261636430613937323334
61663035393462323861383636623163356261663936616338393833323161393839323438613537
32366364396535616130346263366135646637303236393863356461326435373563653138656638
39323235666263343630643639376335373034366166326431663163643464373337633364306331
34336432333062396566323663613637383661386336373265333530623234333166343736383131
38633432616466616266323635653532356136613066633036326638343464646433396262306334
66346266663134616663613730363733343164303463356132316533366439376137653363653432
66653531366236396436373061376539373438653963353864396261343734303532326266343333
30383431363730306165373434666432366332306331336561666532643163363339383139663862
34373031313034613538323339353135346630363461383130393463386633663837613765393062
63636331623536646538306433303966326133386632663533643864643230316261653236326438
37643937366638306333396239633135666465646238373365636266393466613731346438326530
30333938363834613530656636393533653833616665353033646465383033336362313365626465
65646230363364376265336564313964626161386362303232336331643937613863656436643735
62656666613236613433656562663865643265383661353163363832333334666338653939393636
64396562323363356366323933613138373735633634396261623662636563363534393637383430
62656535396235353933356234393934666364383863646665333239373961656635643439616130
33376161623638336532653630626336613663356361373635363638616366396236616332616537
63666461336361323262633033656337313437353437643264353361333165313033383165326463
63376661346661653334373966333330353038393165336565623061356137323434666132343532
33363131653335316562373463633264666163306237646537353466306564646362613236393366
33336137376563373065626235343164356163313062613064633134666337363231633334636331
62343932653533333861663730326262616533303332353039633234366335646263386430373263
31633430303237336436343431316661343639623439343734613132626163653462613936636432
62656139316262303738363737326431643262396162386532323963646366336239666665666362
33633534613531363865363535333962633432323632346234303035336230613263626332313238
39353638326331326664613836656430363466313461346466363564373966613465326264633234
31353763356163306662633539326466313936623634316264393734636231666430323236373838
32616161663034653261306435666136646566613134393430333739303962356333306162663231
34336430386364396465653161646162633738383665386439323734393038363430643566346536
61366236363762666135376163646438373663653964363735313766353832323339663461626630
64346162386434666562633531383432373466633466666639383632656562386437373366353236
62363138663234316331623737636662353733306236376132653661663361653338366262613735
66646561616539623964393930303639663962376265636432333862343632383434633764343965
33356634623434613164643965366633313137666631343139383636616464313935313161613264
34386439396365653964373762613438613638396561623934363862363631396431383963346139
38613934313439333535643266383434616562633661323535666532626265623938366230333133
35336537306563323666636666383064303364633738393665643961653461633163626538306166
38346662666336346231366237353230653136393632323030303132663834306562633436333132
32386535343562653037633533333034616332343130323636356566396162386332616662643764
37366237633462656133336661663432613065393166373361373939316465343861303338386534
35633765386632363931613835326438623165376464633738623136346463326661626263616530
32663733326630633163653038323339343438363232353233613263656631343334303965646263
66656438336665663635303933323433383865323463613239613536346633323462366338373536
65326338633534326532376236386565313465616237623932616538313930616233653738666365
31613330303938383563306365383966363161626630356532333139633931383834333932306338
30346433323035326630303561343565316362306531333833653337353836396231663838636263
30303232366566376361393931663738373134303963646361333332383766346462656136636436
35323330643631613034373634616464623632346334616430363731633739343633386665306166
35636338353666623064323966633462303763613637663436353266656330613239383966366261
63393239373333323039373936643236623961653862386537326338366539393933353830663135
62326663393239636337616566666463633131323662613462636264643737336563356565343061
38386631383633386632343536313862353632633437636134653731616532306532306631636563
61356466623133333833666339363730643766656437613133656630326430396530366637393734
38313833373532376562346562353534643034343662316439653562386632353036336635343536
62376663633434363539663766666234396563333661626231353135316134373536303734306232
34323136623063336636663337346666656132653264613562366631616134373835393766623533
39656532353064353234613363306562653630333863333136313366323763616132303861346631
39376664613434386633383864323330373336326264396133343665366237393732653564316162
36636532376537333530643866393133303538323439383764326637343633373062386265313466
30313462393534323335633533336531313933643635333839383336396237353066376461333734
31616433636537383931633636353762613337313235353031333733356636653336643835633132
35623865366234643832396636633435316364323262363635633561613536333864333032653031
64623531663332373162396338376538633437616439646336386136373739613436646130366237
38306237393038306338623665396466386166323431356261303762376236623462666666333737
64393631356439343166316164383463363066306235333734373835346335376463636362666163
65613666346135663137343738326261623936313364333439316334373936353933373463373863
63313739386432653939623163383833656662366138376535633535643138373263656236633865
39343733326634376266306261313366623164396666333332636232313931353636303830383764
35316261313932336235653533643661396534386566393530323764626264333938643837313861
36616166353430636635383764646266363963623163666632343435613835363433376665333634
63393730643437653561346261393038356662306338653236613264353433613036653734646431
31363565656466336637613838633465363965316436366466393538306430316337363062613430
32313232656238626564386636636637623030353464346534373266643663623838623437663139
65316133343963323766393239306661373262363862623765613130313566633333333065623932
34313433356362663162613536383930306366303664353862333334373739333563343665336635
38393362616139326566346261623931323263343566373537643234336461666138663835623937
63383466386433393466333261313732393734376435633465623931313834633831393238366564
34633237663531616163313839386535356531353539376435623039313165353032366435666332
37633763643731663632346132643434653839656566316131656663633733613739386436393830
61313434633537616464633333313836636332663461623564633239653034316663303062313132
31393633623233376461346265303039356635356466393637373631653161333166633434343063
33306663346332386161333230616537383665653461313938323934653835356236623364343238
32623234643630386530666539643538373832373335356262343761393335653931616361613433
38326130336234346135633532643238316233306534623338646465616239626362316562323833
32613236653963306339616533613961663632363465363364363936386630666465653962353636
63326536353130306334633766353439396664666366656565626439643138353462643438363964
63326464343738633035643537653438663332373963353037613961303639353235646337663033
64623863323930666330326563393965383039623164663236373165356162643564623061383330
31636230353938313239663365666666346135663165633737633838376366343362393863653962
39346439613335353632623031636238306561363562356361656364653133313663383930366262
30656332346130653565316135333339643237356330373331666266653463646431623031346138
32373362643938623537333931383332383561626435613666356562666630613731366638353461
35373534343634343164383662613764363333373965366363393866356466626663653639316461
34303933613165326235656266383663626537393564663130306563386630336639306630646365
61633466376563393930316235663562316164363565393738373963373635376364303232336533
31383138303363323765633362393036363262663831363736393339653033326635336438336538
37636664373964646462636435623439303536666534333664663731343733626433663665623564
64356164643938653861663263376336393665313634356166326237336533313734346665316166
63326338383230656662616637643164376262356236333938313663303834333030653266303637
30373533313637626566396166663363356362366235383138323864366530313365383635633239
66316430353137333261616632646636353431373564643936666566656535653262633332616262
38323530396266333762303063663939336139393339613132323636633562343765613033633466
35313538656262306561393931383164633235656234333232383964346534656365633133346336
33663731363165666134626137623139383134316562313766303061633061653863633064356464
34373262376134303662363035643438373632653837346533393539363364363433653532313233
62663335313032643361393562353530396335636133313830623164333933313839656263656231
37386634323439376364383736663636386435326635666535613534356334623039333131336438
33646136313164643835343132366537316161616537636663366333666561623339326265663966
33336531366234393535306435646661613466653637343038313131333033623339646631303533
66653334336565333539613563323938646638373333663736376662373932636336343936613634
32346161346435363134363931353433303833373664383534353362626131336234326432666664
33623136623535353665333463663431663261373635356236373766613235336132323063383766
33633665326237386462383439333330323334383865376164646139363465346438333833663862
62636139353863653065663933633134366638383436383634343631383537363339356231396435
64346331316136656330626538333632313161663733383664313336386139353934356137336261
36386533313838346338663964613430373136396666653435613162643436653064366664313839
35623666353739353937326266383032656432616135623364653036356435353530653261333035
33386231383935316531393832643330303566303262323030366666366337333338323963383031
31633264333065313739653763653133373534313337366262363336333433356436633462303665
63653533613138326165626230396236353139363833663133383133323465306439626136346635
66353362653931646465313535373664373961326166356565623432636134313433396432366166
61376639636232343534376539346535303137623766373962646538613838336433356362333236
64366462663733393263303964313732616665336666343563393435346465336533366664616232
31343165353365356566656339353437613366343330656361623535313436316431646131616338
31613036356536353463323631626631393031373662616435316364643932643632353633613066
61653133663465303062633463633833623231393731633530656132306237326339373762366165
36623534316637363539376139616432323632376166663166393836643738663138323438333061
63373533386139643631343536356364643338363032663737663537353332366636653865323365
38303739373333393439366338303432653061393265363530313332356266366461623165653161
37663365653165316165326163613665376234646565363964653234303539366363396539393266
32636164323633346564386333636134306432616238623939633430373138316534656534616130
63316138333063383335626462633139336231653434666562626533356631373036613834623764
36386334646465316134333739383163663336336465616332313735306533376136396539616363
35646338643832303061306135303833376433613037323036656463656139366531303733616365
30306264373031643139323435306162313466366363653930663538376437366238323636656139
33656238393737656439376433653663323435393565663937373736643064336230396131643836
39343464626462666163633531663037383762333566643132323236343733613737393738323632
33613131323862336662396664343464396163363031623431303934326465613939646532643130
64386634653436343131373231383961663063633832666438303634663737396236363832373138
38633633306261333135633636616365663064373865356134666466636139646364626531313639
64643661646336613861396236663239303735316137373336393634663135316436326564323636
33666332353031356664613262623164663436636438386262343133643833313335303639623636
64383230636264663033393237643232336132323830363963626463336331363362313537373465
61643661653365323966656665303734646664336433333831323933393032323337663236626566
64363033343431343733316635316163336136323938383161366435613437386264623164383061
34626337376362643833613265383834386163656531386632613866326661373438306166376664
65306432386535313365616261373333373930326537363833663463303533376233376138373063
33393638396236316334636161616366643739646638316265663537626166643134643561616632
38303062393766636336326434343331643636636534353337323362343331616562393464353961
63613531613438643966643461393035383133363364616366386337633464623362303139333466
33613165633362313664653236393861666362306566343234663638366165393833333162373261
34323039646138313138643536376130656464623834313363313231383936643337353663303136
39383161626266396535303461623661323663303666613739383734383835303063626364353433
31353631343336613131303864316436646462656239303264656339643435346165326266323331
65613866373562616538633439653837313362643239663966333963323436643033306238376131
66663231303831363931626538643933386536653933666432343363316134613634633739393636
35343661643964663732383636393332613865626661393533616566616362323866663864376561
66376136386231356530356235623463656530353734336539323161333933323866623638346434
30316533653733356161613336626636623662333462646437303933386639343634393534633966
33626133656331386136396634326430623836626133386537663832666166663265366564306135
38323132303865663136636332353864376133373032656336313937306434313034313365353766
38363163383466656266376564376630663631636264623838373532646166646335663839363365
62646462396664326563653437346437333531633337323061666362316234396331343564656436
63636561316566383337613130616536663162363066396631653039306262306162386332333066
34313064346238316139313865343464333631366435383862366530303566326563363339326664
32383734646132393137353262313030313736613865376665393133346261333566376136303764
66363336643236626130636166646538386536393331306430303432626630363638383137376361
66646633323863646365333933336231623037353735356439323036393938373861306534343430
32396530376664316362643533666634363038643938353335663539346337313664316536643637
63616432653137333162336335393864336239303333303265333233626338646161346234343538
64323564393961353162393635633733666433306439646431626230623563666639663830393362
31633737643133353032666465623835313634313565626164633637313863653332343364643132
66383461356334323937353730333533373966323864386431323761313165623566663561653935
61306631613064313463363431393533303237333633373937326536396330373065316661373663
30313762353266386634396538373031373064626232666564333864353732306532613530373834
31333335663830386236346533366561326461666563636136653064353234383836643436303832
30333666643833316237333130643762326531633436373938643336343933643636393265353762
64353335363265623436373866393430653534653131343963393730663862343337383664613238
38333030643563343230653561623838383932313661363239393536623738623831313239343362
64376632303061626562333462386362363866316363343166363766306530333734376563343764
32616163346261633238313361643130623130323661396435323333396665386265303733333336
32323639653138653132326338306437393731616563383263383034636663303037306265386438
38393865656536613361333562663163656662386166653035656462373338616432366365366538
37643464383961353162393337363137343364303236393062666363663937336161356335316631
34316565623566323636353836633138643165663638643434616336623633613739636461376331
64626533336131333736323938616239636263633362616133333535316562346639616163366239
32643833653565663134383238613765306535386235383262303063663161393832656234356666
37383562326461613334656638646263633538656365396635316263633135626265306666363732
63336538663335666366633764636365313533346330306235323033353633316533623830373937
65323935616362646163623135653935373364386130326331613139353637343063366538346331
65623664326439663666356138633636316132366363373462316637303964393266393239306262
66623235353563663162343766633232353161656566383962353262386261643764353962356430
64323035633963653134393034386465643735373266643433643233613430633766326235343434
64393839636631336634633232386135663832303464313934653430303031326263386630626262
63326132323763653461373530616135363832626265393861336166653963306234343731363564
64306436623333326636663962333330663063623761326332316666356237323132316466333833
64316532643466363437323434386663363564336134376464643734363464346264323335643734
63393137343765356132353265646139386431313161333639643962323738343464336335336532
63373331636466393434346339333534656436326336376130303165343064636664393530303262
62383864366136376334303038613337306333656339303434613035643734313234616239303935
62623565653435323265343031323339613865316536373536663861666462306331663131316463
63353366323134313865636332623334346162306333306330306564613663643536653330313166
34383839623565346338326138656630626433393862643530643531633431643564303337373562
32623864303562636436626139633665323632643638663837633934366134666562346531656163
65346361646335303934323236383966303063653461386137646361633834353138323936626536
35613763366261383338376431613535396330303261643866653465386235653661303136626530
31646436346364323731313432303137366537333436346335306165376133356533386162333338
38626465326463353636386137353332373563396339356335663634613930343530316364343266
38323961316334623438356238373761653734346337613263313562666631363065313362386265
64616337323931306362633662393465313566643431646162623766316465336666343732316638
36333332373035363066356336636432643235346630323365363366393230313035316430313632
39306363303630393131353365663232303137613766336164313933363863636563376331346262
34323438643734396264653936613264366535346661396561363934323934323263633031626136
62366465636361663333353836653639356230336238616537306666366663333337373665353431
30393233326433613137313565343361326461376463646263636538333932366162656236363761
33353130303636343061616465346235656564336666343638343366656234316339346135323837
38636363663631393435363931346463356563333066656235646462313066663437363163323838
34313962656463396330386236303133376665363338326466373832396230613561306537343430
66613465663536653839373336366531366634316537643064626537633839613738653064353063
35393465333562643566393435646337383363326535353364306132666266623561316538393162
61386663623839303634636666633366653338626661393138363130373163613362616165633763
31373165333733643332386134336634663638386332393964373766616564616139343932643634
65303031653764623538306333633839383261613735323339346234313832366130376663336363
39373330326232306562383462313232653162396533336632343937646262326530636138656332
38626561656438343565643365653763376533613735323164646264646265633335363964613431
36626131633236373262
