$ANSIBLE_VAULT;1.1;AES256
36393032303431343262326564666536383337343161663039363761626131366461323635313331
6233396636396232643137653366666165643131643833610a326531376230343466323539396332
37653430643334333833396535326364626532306463323034613364623761623537633865336536
6230373833663065350a376537346139636561363733323833626230623263643338663330363630
34376238376236656637303339663635323235316634343538353631336437663665663861633866
39393565636437306539376538656130303835336631306665386663393836383964316631633661
33323264376638633430666239316266363063643436313661363261383661333463366433666361
38383263653835386666383532633566393433383335346435313265396163646332313762633734
37613864376333393337623364636132616233653730313531653233316566326366326234623863
37376437316365316230656434363134613532356161613932303662313836383133663731376139
37626538373031353163633861343137393136643536376239373364393335393837336433343330
35623739613637373834653532616137333036333861643137383164653632386438353263353431
61313964636134633337363966316433633861636465646335303336653834363335313633656430
63636132306666376232303633313462613338366663636538343337646134386564633539363663
61343535363365323663383233303936663461303839333965346632326638396136393463316661
38373463653933353965326136303138353137663033356662626162656661653565386333623065
61623131393338353938356234303531356431346632343661353738363334396335333962326438
39633934336638646234343135323835666639633530346361346238623766613830313533633666
33373032633032383133323839393561636438623033356465346433306537303434313230663739
34346538393632333461366564663438303364323734363862313532373231323038616461393033
62353937373431366239343039383162613239343836643265363335393636623533376463346238
37366135393965386634616333323366393035363263666264303866656634343332383336616234
35613233616661353937353364623961643336656637366338363061313339343439313238646164
33393935343133366163656163633538663132343433396136396139666238626161363461616266
32653534636462366133346536626163386436393266393136303636656164653136306136373733
32663530356463393736613931333239623239386130323531356666636230633835353131386232
32656531666162373336386134306665623239353239393936663838636236373361356261636135
63623365336564333032316561373163613764366639303563633462633161313338343736396162
64356565626335663766633532663234353462623639313034313065663739633031313064666435
66393763386266663833386361356663653731656135346466616564343362353665323937626435
32376664363537336535343861616664613466616163633538376638303336663330376236396265
38663566636165376633646131646235333637333534313366303238323366306332323236336337
62633635313337626237333637656261323463393563346436663463366238626636663161306561
33343866666639383435666638356630326632383337356632333037666465633063643233363939
62393437316535396562633361663062333537373732356335663032626435363939643335386263
66636631653538626562666665353432636264646134316431333934636136326462663430366232
63346161343738393033353330326334313830656535663933323165343631303833333932633432
36373364343830373535663737303266646330646636383537356632396339376663383032356636
30393533323663306431376366386338623938613632366564633139623832376332653634343533
36353038336138656430366234646461306434373266363365623430373338313337306632316230
35323834613337393331333333343639643139613836363234316332363765656263356236366436
35366264646134353634643064656138346435313536313232636135363834393765656161326362
63386565393633353335623361323864366436663361383263383438623931353163306261353430
38373162623731363736363763613362396131656331633235363133343931656138663738643132
35616361626432393861646436613165613362663031393032623161623137333339646339373735
63663534626338643035316566663663313331333861353932313566303665666337653936313731
65626461363533646464396633393432643437356437646535343730663937616539386561653734
63646635643663353738346662353736326535666332353161636162363531633037663763383063
39636437366461323439306566666438626264306139653331663562663632353730643736303436
62363665326562363036656662333462616566353866373530623534663532386466396333616136
34636163373663303631376430373266633065336332353663303833646463636262646534616431
37616631363661393634356634376433346633396130363139386166346131316164333561363833
62353733393164393564383263333038356661323234333830626637346638663239383164383362
64336336623562343562643663633462616262353862346130383466316431616630313338386566
35616361386331653238376431363731346435643265333933616331663438636230363931663963
37373535316633333066616635323263383633393736623862633965623034393062663563653931
36323861373834346235323038616262323465613432343662346236336435613738363064326639
33346366616235663164633335366563623761643632353937366132646463313463616164383830
39643161666166383562353735653265326364666665303736366430653930383164313266373533
38316161343763343332363234303265326162333764353238356138366234313832336531326665
32643766353531356662393937633039616166613735633332633565653937323066633865363637
35336361343765666663313861356130656563636538323332393831323866663033626232376463
35613030646637323461363330316362313437626161313532663165653735343765386235353565
35646530616438313332356532316364373265643438663430346335396362616237386635646565
31616639663361333531646130613436363237376338353362343962663233333961626238636666
39303936643664306463646163643534653237623836306637373438386666346563383362313062
64633464613764303530303634363739316439356461646138653334333636356435373137356134
65326665393836323936346133636133393861366130373031333666613865303861333063303163
32623231353661306162653764646362643939623738303761393036343835666163306537373837
32383766653731353738386331653839336336366630313462303166623961333363393465306531
65373137666430663139336461383630343565653161343864383336306232356239316336363532
38636162666136613666393464323464613031396432353130313266623437303930303833303831
63353435343232343635366464353733386631373564353632313466663563623562306363636633
66303732356138623261386663303236663539613639396633323461636539363137333163343337
34396464373132303461333563663132396136383866643364623662396163313266616530373338
38653436306339363766333134366439633938623030663030323563373837316563376561376535
63643064333239666132366164363234333765643136356631323861326130643939643266366666
30343030383462626436333939336466316636303634353233323662643262336631373831326164
36313131393664656637623539656237383134376665623131633537616163306137643439656434
32393435306136306361636430646239323739626330633131343131333535346265343732643738
31623636616136333932313538323832663333613134303962643138306366616434386335316264
62316161643262336135376661366665646537323464326564386634383661323161383336646462
65393337643062323161363462343864626165376635643862653664633931613463306534313762
62336633316235333133373031386138616333316431343336343130646139373061396138343239
31316262376134396533343537666136333037323531306232313065313331613635356137353936
33616432613931653039316162323735393530646638313235623934303634366663626337303366
34396262643866323033393466626561623864356433356437333761623562313361373964613532
39323739653439346564386261376466626338623864613736316136656533336163633532326437
39396435333261363034613464316434633235306361616133373832643233356233343865633765
35306661366366653162633731633837663738313530616163613636633537303163646165346231
37373161356632333832613736386132633037386337643734333462356366386335623839393238
31376335616131613164646430666463323832666335633932333035633531663534316262653037
66376130616235663361396638313732343138396363383938383432343962643738383636376666
36316430613066623461613765336264376566326161643161316434366263386432653338363765
33653338386632656431396434383262643033643165333538383238626266663364323939663366
33636537356666633165353762306436666666616361323037343366666165626631653639336265
37386465633738616462373362663665613238373330326536323464376465303338656231313763
32356466643961353634373534373231333662626533376431613835373233363436333164656234
61666232613031376331323065393537383532633834396164376463643439373864333765633035
37313166663761353631303530623762306137353930386533616630653261646635333536316564
34636163363032316630393136633536373062373636306163663165633564326437633361356466
66343262353766633131653738643265363335666162393536383561393361323131313532366233
31313335663361326535653738396336616538666561306338633034613266303866636239323663
30373131363864373664663837353665663963653830643434383536346230356635396139356261
38333162636436376266653361336233613166336662363161373039323865613565343039336433
30663830333830303932336366663865386132343330313263633565353039666533666130393665
33346637346362356535346265623630616262393964323937326539646130643663366466663535
64396365373463643838366230356264626331623263623933346335333136613034303233626163
35626338393533343733663038393664363966343361386564613134333463306335383466376266
31376435376233303834393630376263663836656563643261373937333938646137383066613235
35323663396237393134643265643262343061303338626466303837396430623137623661666134
30343534363034623330333063306133623338356138363430313963626532393333643734656339
36386639656336653839623466366264653336646262306636346630653965346562373262313634
31363634653732373734373939336132356365633139373635636366383566653461336632616361
66363031626365386361633364313732366435303062376162313663316238343662613965363963
66633938376266653864323939656439666562616161613432633332623632343665646664383232
33373731346235316138326464333865646537373762356165363166616364613264353461316463
37333430333738666638376539613638356631643237613733653836653836643332303463663137
61343961663732363963333537666434633135623135393336333935386639336462323564353764
61646663333564326534336532616139616566613762373837616638316535376136316466343864
35316339626665353066316566373130343135353738313236376262636432393532626364663762
38356435653036613561306637613632333863316130393238356330356333393861613564383633
39663361316562616632376531323634376431396165653531386636303039643335663864366462
30343264313030326232303137363533343837376666646536653532643161336163643165333138
34353566316134663335623262366663343231333030303661633262663236666631323332623537
34613461633236636138616362633834356363643461383931363163343963366162363262383963
34343565636464343963313030636261353264363032633238363734353566626632306262383061
33326337313732333661323236383134663737363561386133303632343932383636323462633662
35636362383638336132333465313130313232663361373862633933663738366332326666663833
30326265306366383963343035346139643936393535643138633532303230373232386238623063
37633266373064336434623736626238383537663261393631313334663465663461333864386438
63373638383833373239353137343663306635383136353736623132656638666263303538303562
33386132396435386333356432636630376465613664343464383930613930346338653439366135
64333438613831346433383332393061393234323532386162623066633430346662353233306637
32363639313634623833373832306333326236363765356237626535323030366262356634623736
66626537663062663864363734626161313461663562663063666266313363323539363565376137
38383439323862306532346139633562376331646431333035346361306131643435323138303762
37646361643036643464356662326534393365636338653932343837343833336233633863653063
33363430646332306461336137386339346437376133346238333137623733356432333236373263
63393066633261616565383036643732653964346238376462316635336432313863613862303161
32306362626633373032363131363661623761383065363830396436616163613836373162356262
64666235646464313461353933313464336161616561303832636161343165363236626139343837
34636235343833613439626237366566666536356437353465323931646165373666363634373532
65353036303433616463643030363737386662613539326339623232653331643966343330396463
65316565653432323732356131643532336134323036393438363561356361336164303836633732
39383935353039646639663761636532336162373361343530663037333765363664363132373335
35633935303136373263626161363862373763323264336564626633653731313233623561613163
63353339313635373866323836333836303433613537373362346562393865363336633363336362
64313462623263353732353436623232363961666663373832366135653039646135613232623539
36386431643839653737666333346366626466666332393865313234653839663536396339376565
34646234333735373531303438656463386637613262663262346465386631653632663439383134
31346636323663346337633831326266616462363431373339316634653333626535613866653365
31373331366261363063633938316131393434616563363738316637316534373331633661353037
34616564633633323861323134636238333861373330383637393931383130646435313530343437
31326537613361363665663435613862353636323361323762333163303634343430623762313030
35623966343136353739333335356234306239613237633339653865383364623764346566356238
63326664326264386532326466393431356138643433323066633464343839376663666232306131
31376534336236383934313864353562303939353036336230613562643366653336393934346131
38656638643536386332653231653165666536663432666535666230623638353239326637366364
31616132323065316631613262636138393732376338323465333438353162616532366361656333
39336131616561623237383431623238303465386533613563633763376531313730363433636263
64656662663933356239323666363039623138363431343764623137633564626333323939336639
31353938666662393262303239666136616138396139656532323435373836366233626465626266
63316133343765366333663165646233663332366639633863326132346661326232616666386661
62383330373461303436363665323964353537613362396465356533633936643362323337313965
31353430326666313331626538333138346637333361626536616536386435333332613061646139
30363730373465623765373536343036353135643531663063653332393835646439646633623865
31346665363035316364616335643533633565663530326633346339353032623163363038383964
63643866323033626535343634353730306133323462353262386563613134303636326135616637
35383463386335393939663535313430333764333364623933353563623733666338313164653664
39616339643535663635666634613430306335613731613162366633633762306535333466353963
66336165353333393664393566353666613133333462356465616162323138373430306462373237
31623666386261323230643062313161333164333032653036613032373939383834323561353630
38623134303039626233363363393261386133626437613065646335666631353331393434616131
61363135656135613363333433633165383930616436303434313964303533643564663239613265
37316564383261396334376531323961666566613864363035656338636131643132616433616662
35326666313837633165353866383034616333363333623737323732386230333435636163623766
35333264663264623037326134666264313865303339636434386665636439633264333538326131
65656433333066343762643831623864666631386237373962653064393264346462636564613534
66353239656164333734613362383539346131313964366234633461393466646633636237646664
34393336643265343665643936643761653930623730366138346630653065633230323763363733
62343261303639326134383664336236326336386132336138376339373734613439393736623530
30613339393263653963366337653364343962663133333433656135646136666166646461386261
38393064633632353836666331306361323332373962383332313435323665343164623031303835
66363631376237656632626234633231383665613630383538343833653632356636353239333031
38643237373835306638353434383131383636313366376665306337613063313332373335643964
38376263363266616266623264363535373335323862313236653336653764356634303138323162
35623336316363353765306663626338636362653534326439653333633139363233343432613362
66666266616133623234383930616265373238616664613862363438616333613430633936376432
36313130333161303032356138393931336237326463366236663334656561316561653564663231
35303863346561303738323365333337633434393733383531653437386433346532333536666262
34373133626164306138343165373863353537653534663439646564363735623462383266653538
31343262396132633163383531306137366237356433346563326465363435663662306136383639
66333338613235613739303437666361623138353734396333303766616136363230626264326264
30636435313835343633343135376664373431623239663963633765643139376662616335303761
32613434323465626234633230326330616434393938376437366132356361646261656466613939
62616265323130333836663739636364616234303165316338643336633235666636353731366564
66623534323335303038633061653162636534363539643139303166356635303064626664666339
65313934366531393438663237306261303162366634326531663462386439633935353165386539
61653764613834316338623765636137623934643931663838623663346133336366326563653736
63646233396163323136666637383530363839353335623534616439323262623933623633613434
66643434666339383233363266333163366538333161346330323063373434303539383930666233
32663239306162313638316334383533363934373934303537643530356536636237363639633038
61383064626166353536386466626632393530646464323637353933346432626562656633323464
37393964643962396463356265323232336562333030636466326264366664626437616137623534
32663235383534333762396336376134613964366561313534386434666363333338666531336235
38386533366632646237303166316137636132353736376139623038663534383034306530303637
63363438646239306565656632363464363438376236316333626365326634663639346433366562
34333665386337613831313464363130373836616263353131396436373863323033353866623465
62616565653039333435613533666463646532636635633266313831643932376238623733383464
39613635643061383435623231303864623336386136363931663831326230373430636463333531
30323039636232343639663263303961623630326230633332623863323565656333393532306537
63386466383131373130376233613966393733356261373336316136646165643762353265666264
35663262306563356664343035376339356362653938383564613932333338636236623761343938
61316633626162303739656430303530343365316165663435343833363439363362633538356331
66613964326133623938633832326365316536383333373636653737636331393939353334616362
38333361326530623438343162336563373063373434363363623062666434646338363161336635
39376464653565616362323361616161383935333636626534396139393061326564386131643638
66393736353532623466643931353665663536303863373139613865393364303862633137323436
31653763656561393036376361383337616563396362313361356531363265303563616237346464
39313162353964363834656535383765386234653639373763656339663336353436636633333337
38663731343262616561663937383331633530373432353735396239363830613763626666646439
30636563626135653165666133653033343434396430383261663435306261306332653936393139
30333436653332336535303831323336646265356366343137333261653337633338303264646561
66613535366563373063626531666232323865333866373665333864623232303331623838336662
63313533653034316261336666336166363863663534316266646532313233313232643538366134
65663163663836393061373832646464633739663836353836373732663664386239376466376662
31333934633535313035333363313964626363666139333636373663336565316430313733663863
37656162653330663763303338366135356336343231373063376536653934316330303563353061
31663234363332313132333562393163663262303632666566346363393135363639343365306363
33626139313163643530626466356133663133623138353766623862313166656633613634313639
61306639303831393935383334643230373264336639313538316461313664363632343662346439
62303263663336343036383136313362346235643762336130373735386631316433383336346366
63303535393263333538613630353464303437623632623230386139653661636362353835396163
32366564633735653966356665623465646236376232613261646162323564373639313864623631
31386166313866323137346334306165333533353262356662646239623734313165353964383835
30303339383439396632653365306265303233643931663630616334306161343163336662333132
64366663313965393834316134313731323034613262393835343933383466636634333432363335
62316661333931326364636234656263346261306330333063326430373865326334323736353963
63643333636631666431346337336665303464613733393061616136356662343535663737616130
63323832363933663934306262656465626661383436316361616435656562373131646663363966
39353935386565626435353565313933636366386262343731306331373561396564326237646666
37323630336536356634343062386161316631336363363764623033353739393263326336303932
39636530333739373931376233303836306231306630663234333831353463646534353963643762
38356461343033633631626430313365326563626432633331623437356161343634626565386235
32653331303437636331663934396562666436373338643566643535306239396662646537333332
38323037653864343765366164303364643136653634343837356131353738376561333031316438
34643730636261383165313166393737353732323430636661646437316266356538623364653861
31316366656632323563353034353461376264663032643539636662663263393766366661343830
36623633353835656539633038353534303738616134653565366537373235646462643937656365
30666331363633663931666234383665666639646661396461646231333635343937313237346663
62663435323464313133626531323965663232393263333338336533666130396465313733396639
39323832373939383061363036326439303038343636393163376562623966386161656132646661
32373134313161393833366630333336663239333331353138343061386661643162386234376236
33326634653565386131363761313833393965363335656565313630643534313862346336666264
66636332633338393463346362353130636664323535333935386164373839616264393138306162
38333433613139323338643361303536306436353339383139633432343033356336646637323966
38376530376536313537356364376639666135336465306332336633653138333064346461313435
36613536636361343762636331326665643863303836363831343931343161373332353633383864
61646539333734303335653933386461376236633166366264653261643235373236386235636231
33363365623962333361633939383434336662636334393661383636346364656638363534346233
63653038343433666139643035613132393530323530333766393631303463333464366530346435
32313365373638616331613863323438373961353364326363346265363339376235373731313734
30353131313530373462626265343435393862383363383434613164376333363636346131363163
37336130663635333437306261613635383333303566313265323035383266373135633064613435
32663766663530663361343166363932323965666230633238623164633066366662616662306565
62633961393662306465626438396538626664356235303333343232366564663330653830343638
36616535336662653735646639353531613061343266313035356435373861376232393138656432
31343066613531616634343033633833646664653634626263306334656434333335336439363235
33633166616163616634393366366134346539303933313163663166633935663831663132396634
34313832373530646661346331656634326335346536646631366436363037643363643561316134
62386165326430346463303061393630333931636361313339333434643036626630353437353962
66666563306437343333363232383636313837636639653330616539343837626332326164633261
63653631663435363464623937326365633962336134393639393335313465303366613635663830
38653030396134396137376463623463646132343962616264623830386235613665396531353534
33613430333166636638326630633064303131623036313137643064343962393337656431333663
39616435336339306239393434363766643434633136666465613838343230383466383230633337
39616233313964376131303732653639653566663362383539326663643235353561643864303733
32356166316565336131633037663764623133653435663833316632313666373335653237646339
64646232363963323933643233336437366265366639653338306332366365656266663362636237
36346334326563306437343633356362616461666662666637323837333437396236313334343038
62343331666530666161323263343338326139393730613430366538626430373736396331313332
36663966643938396236393265376137303433663266363735306563386337376637343336376336
39386636613631336463613331626233646438653736356261303639333761333839626336663339
65633235363433386263306130653533626538633230393539333264376538373330653761336662
36306661643834633234303931386164313764393964313130653662383333666538633763663432
63633164636634653636386263383033383039623739343539623166613037366663376535653137
33393964343635616233306231383030666539626234373765646631363966386337643230643866
65306264306462393836333135366465303763623035313734336564636661653136323364333132
31666134666330343065333866363730333530343166626132363335633333643736363036313433
31633062376463353764666366396364613463366238363165646536323732396437323835363838
34396366626364366639623335353237363532623766643834373965326462323539383636366538
64383964656430626230663533646365306331366335633461666437633637366639636539386233
33373434393234336166316438313061633665616463316537633037356133643130303763653064
31366661646237363432363636313532306538373966343264653835396161653666663033643337
39326230626539636130616138353337353839643061363439363631656261633332356462373966
38363861373964633166303562393538613963653836636131376232373663316362323134366634
37633730336238633430353461333130376331316438653438393736303530373030643336613136
65306133373431633633386561643139613234323630333563323263353039613234366166643630
39393566356232306233333730636561386139326465316435383564373039653361653664616661
32323566393937623134386634366334633133313637616164633431613862323062663038386239
34393465643034366636373035313866663462373761386464373239343237663065643765613061
33383539623138356530313334643464386230663466346362333933326232366436313433333231
30653638373336636362633133353130383563326430303764366164383466353336616262613262
64323566663337663865373761313930306631373136323239613431626461366636356434336531
63376633396430623965303431366561333161666432366634326133363962646663396364666662
38663832626133346464363961303532373963316632623332356633303035336630356163356332
64376361303134356662633966383639646439353366363534326537316365633032373664386631
35356537393332666437353635326233363636343966363266353330616634366166616666356666
39393238323331316165393864383061333636336137313132316337613132333231343961316537
31343737316263383939306435333637333831636532366666366461353363633937623963353864
33313064346463663431613065663933303566613132613964383564326563663336376535613736
39663336656464633163353366303737386635363737373033386664383234353162616333333333
62373238643362656664633939343031636339343562646136633862363833346263346339393030
65623062623131336233623965303962356335313437393232343937383135303730326437393031
38633261373664303632303463616161346436616536383564373731373039333837376638643439
34613038393037616264383134313161346433303461363466303230313366383062653561393339
34646264616437623234393239336461396661643066303439376436396461396539653539643133
37633766383066623262393366383632343462613861303262393262373961393131326130333435
31656661363537653233623763333565363961356434646566373236653234356337643761613339
63363865613737313266306437333264336432643866316432633564326635663763343661653939
30303730636634623437313836666161373461316234643832316463386264616662323232613536
38623538356263363730633464613136636138366264353166356235303638313661363938323865
38303535303234393839313366386664313466663939323933333165313866383733303565333630
37396361393866613962653632353238393234333232663135363762626262343062376365316436
30353834303632663939626461656237646261313333313064313334613763636133386664626632
64623235386130323336656339373436656130643330613061393130396562383363653961666533
32396539313462616631356132373938353965396563303139393966343466633535333765386465
63633663376133323435303734396434663234633161356137623337393163363066666338333066
39383462313739323963363231386662323263363036643635343138323261313166633863396635
62363930656263326133623633303262346236386564343863306565353732313266666133373630
30333331666166393662373038323538346232363262393963323632313831336463313064643730
30343838623165336661633639653761366438366165356136323936613162383164356661336233
33393636363338386165343665356664646565353161313161633861363230643634356437383134
39303931663233663130376338653135323562366630633131643434363536363632313536666233
33333832373265376238656230396333386530623361306436646464653335393765313033313033
36376436623063303866366636623765656665623764326161373065346637643939313032323139
30663434336631316461646232646432303335656365346164636361623864636337383362313033
34636263633032303132386561343632656466326437623932323331373636353163613732323463
61383061386261633030663865336565313161343637626164626439373434313732336265646236
38633533646337633337616631613635613130353530626338353933356565633237353738636439
62376333643736306537363330386438653731366637666164333662633036333966376339646531
30316537363164633663633264626239316664383666653337336538653830343435656230373837
35616462313334393335303966353730346139656561633435373635623635653763333339373265
30393639323237333561303437383861656266343761373530626337636562306631313339376532
34373439346565326464613231303130656138626566643132363931316662333132643330653838
62323561326138336132653333386666346363653466626534336639376161663166396537333363
62366531633764343735313136383930643333383062393064616337346366646636346636373261
32653632323232346462626537376266326663616333376438386366333738633432326661313232
30643265353239613436383234306235623165333035666136306632376431623533613137356130
36306464386234316162323862353236633630393037376465353930363566383435383332373636
65353230643037383562623464343034373563633431326562313939343634346561643435643233
33663532633462373236383430353839616364313437396564316161623362323566383666653462
35663933373433646261346431666130343163316434373661653331356132626665323361626261
30366437383933383936346134313564633063653135373734653961666161613235356434623533
64653235316539326634306163383865313065666133323163663834316165333361653734383836
35623134383435633164363534383233333365366136393536666662356633383164656233333734
61393135313834363839656138613237643266346236396639336538363031643535373039376133
34386532323938376238353462643033663637366331643463323730376464366365663661643164
33366433643862333032383638633332353135663262376263613231613063636132373766323432
30326666623032356538336134336434333965336661356539656534363332363731323131626262
30623238323263303139643031376564343432613663303461346362383763626264346163653963
35663734396538323438383761613331663339346666376561313131623138346566306534373839
38396336623935333537373633323231326335336539333334643833323866383337323939316164
32373134616235326331303163623838346662323232353034653231386265306632363936396130
37316136633365666434613066373564663532626230613064636538303366623738613335323662
66663862343166666436333466313736613766393836336631373038663831643539626664306136
37383730303430316533343765363339623066616666316564656533646564663636636436343330
38383863626237326161393663313439356461666136373036353561373730396235356637353363
33316361353937316138613266646462363331353430316336663336616631653366313534663235
62623931326131353532323661666131353237666239353164636561376439633963666562386532
36313734373330643162343536396135633633316566356166343930303766323034323032386264
36643736356161646331323536326434393132383966306163313663366165393633303632633062
33633632393062313031366439656164396563353937316430326365346664646438353034316331
63393538383261623932393263363566653533626531383464376363306430353132616463643831
66623535643430343438656236633865643162663035623032323935393935326639323563663237
66363033643030336165623434666431323466393334616336393633623434373464343261666364
36653434666338656364633563333866386337616163613566373661646239336566373630313466
31643466353337323831636539393939396139663063336230346661323364353336383739646133
36653936646436363363623366323932363034383137653437653733373435663362323836363933
38643064636235353765346132643630383366366536646137376535393631303432356435663034
66613839666562383562663162626263316139323961613730316330626163303161376465356238
39363633656265656461396137383864666636323564393234383830666165643339303434623332
64663133303736643465626538666234643934323232323666346333353939326165333662663965
39346530343365326135396434616563663964666136383038376162616531366566616138306139
61313635623932366564343934356265626233313065356666343134356333666138393339393036
38386665303462663439633134353264666133633730313536316233373535366266326133616662
62396238633162646230333635313532336661306465626434316562623037306538383135303363
36626336373430306434623939333361646433626264313035663131396130633861353838623736
34303035613161623335633731343435626339643433373137323634626461643931656332396533
34363330656532343131666630383666353163643434653932623332386534623661306165383037
30346664306531383737303761646532376636393834623630666137643661643561386262313639
62616638386438316465313830393262663036646364313266613065663663323865356330363736
31653464656633303933343636353665316433343161666463633835633836363262353031646464
38353436316331393933323063373934616439353363336637353931376635653032333134373935
36633661396366353865303132303338353639343335373835383139316663313435633136383933
33323738326538616630623633383138643933343661633838303935666432623431616638383139
36356330626265343863333633346430633262396235616636396137353537363163616136383433
32383563326232656266643534346364306164646436326563353639343138653561613331316363
37336332656261616332646263356165653430356432396632326361356433353135363631373531
64383664643438336135396537646130333038366531663265653136653862393365623638313431
63383635343533323533326431613965303966616138666137343139306231383833623337623731
35396563353562653862303635316432303438396335666566346362383234333264393438356265
34373437663139333835643438633666613866393239323661633765313338383762393638343639
32666639306332343033376131666565373966633735333331363034653261373134303838326536
61336433396537656262303261363633343364653635333935363736616163366635383265386338
34323933326230633061323664353964343366396461323865623761643332376434373261636536
30353137333035393439613366323666636661373334353962663833303432376261363436333838
65396236336533333861636566363538333133386237353333303864356230356462343431333739
35313738396665353730313138623030653161383833376266373061323235653232633466653964
65383135646438343738633162343066623036306433393537396137323635393935373731643962
61393331376564623239333963346231616637613964393833623435343762633566333165626634
34306162663933326562313964396266316362313364333662353333323366633765386330393833
66336363353031323666616132376232313035356366323737353437623534373637396539663930
30303838623532623932656639373132666531323830653863303862626332363835393364626334
36303366656237383132393531623966396465383866346636343137303532363731623466366430
35373065303366333939623662326466306237323431623162383962363736333631633739356464
33636531646332376262323832323364373434303865623638623836326639636135616134383136
66643865373730663965306535383263333439636535643463323638623761643030653636666538
61393634343631396435646530366166303362383037646637656364366665666239636364663739
33636661393935313930346130363961336362313134613437663933656639613565363734346438
36323232303765353535323132326566653639613762333235636133313938623962323962363231
38323066303837336633346331613634643638386135386563626437616365396264633965646266
36393739333939633364613032326231626233303832363566643461663833376536666337353662
38646436303264306136303836643366393361653733633339663037326535313262376661613266
64313730366637663639306331326262343239313266326565636637633264303631326130333733
64343635326636326439653062343538306138313964326162313635333031333434626338626339
32333831316163336163333364636664653061356466633831303533363633633136306535356136
38616132303133366234313833613565356366623637323766373032653763386337346333356532
64323938393936616633663536386339656639333637653364633733373461653637663962633365
34326265623839656537396534343964643465393531643831343063303265373439623439393137
63393233376335323962313762313438636239336538613038343139666635383934383139633235
66636665626139383933656562306332656433613535313636653236613564626131306462373666
37343936373965346165646333323231376131653764393733333334356566653666383465656630
39343363623939396137386131316638323836656235656539656137646632393965363339633366
63626162393366373162393431633361323133663166313533653335626430303164633266656365
65613061393964336637346437316436366532663337326662326635643663363030316433623032
37363337646438616563666231646261636366326363343638626637646564613633626664386563
33356136623535666438346637643132663631636539383663353536386361313539333438353261
35346331623166393036623332623062626236353462626364653430393933656331663162323533
33376330323232353662663432653938323732363639373331303534343333333261323335663639
39363834353236656563346130366133663431626365323630313964616431356563373161363735
63373430623663316565353439633639353935363839653164633965616162386237333138333036
33393730623034653935326335653233353232626261643961613736626466636232316531663561
37666130393165373164643262326161623232653330643738366135343964326161656435303563
35386430363466383930666334303132313930643864643134373061356639623932356665363661
32326562356237626266636639353239373530666635323763636562623362383461383035373730
33373036633534633830326363396563396364663066313430373664383166306264616232626138
35383134626665353538333863333035366261333862646539623436613164366264383864376438
61633061616363333836393064313765356231386535613731613633373163656164356530343534
35326539343339663661643134633230663162613863393537346135303636653033636333363039
34353737313330643736336433303064333537343161373830616533653364626237353637373165
36303739366133663935633931366537653565306330313837643161383265343832363133333937
66383737623864316534316638663230303730376330633761343838386166613264383030666330
65363665643634323534643835646661306237653933323431303239343663616334353536656138
33623537656539653838613065383537386130396466346261366366616563636564663230393535
66643262303165653663363030343233373036383139323932613331656133313462313066336464
37653965363361653833633034613364386465383733313062343739366264303562306634336663
30346637613032626437356530356433633566393962336266353132363736393332636163356239
37653632316130323366373630386234366562636539336463393662323833313237663434333065
30633265383235626665653364396461366663643339376237356532633330653638313562363934
65616166353161336166323338663634386166376664613165353234643936376636613839393063
37633565656635353564333562616131343339336230663863393036393166393163353461343066
33373630616634663166626636646534626333393466313736333061636339393635323731656337
38306261363338653266646365613462356464303538323934313031666437613263383339346663
65653231303666313030336230306534303834303934333439616336333761313964306439346335
66383234323636393136616239353333313563343763323630316538313337613334393761343566
32643332383630626631666232643966643535353962653632383462383634636665366134373266
65333134363534333935383761633239396261383432656331306635623662353134383766636432
63346336383762373531623230306238626334323433353563306466366531663665616630306633
62646334653734326361393737343531346564353133623334653833393766616561653438366464
35343766396531666537303234313932633966636535613861376633636331353432636536303863
31373163306262306232616464633461366664623061626264343833356333363831323439653134
65303162393638373935653634346263333566353933396638623161333430386133636431643932
63396138366133633532346234643731626466393432643433356666363934333332636464386530
61383936626632643639626531613039356530383832303966613865323534656466366334353166
35316230653737666366353364373564353563633533623530666637646431373663303063323461
66326361646263663634656237353666643163333337393166366166396136323461396132623562
32316463343634626637613864633233666334306132323537303839396162303238636461636365
34613362643430336635393032353966613133326162336166353466616135626662653066376435
38316134646435343962326335643932613737623738356235633739396332343737306337303937
66616166306630653330303231333330663630643130616462376566356530373534306536323038
65363961616539396662373466633036363731376136373237636165633638326464343261303239
37386131383934313934623830343065653065616665633565623362636339626133383031353034
37333363666265623162623330663161326335333732343462633136623038343336393735323331
38353134623662343533616562323230373537356231626636303964383732323033623363306666
65396135353331346436393935373930636261623865326531336164653937386366373933623565
31666364326339363263363230633936353939323136613530373064616439663834656233353738
39306238396566326561643338656139373135336436393639386637303966666332636332653339
32313234616630373935373037636666306662633131313837396637316535356561353736336137
62343637363230373334316365323237303637653464356134316439333437623864626461626163
33643866383838393036376666346338623531313836663433643631303431636130303831333736
63643735656564636566313163643064653536646465383230333030666631626231303839653464
63613661613437303863666661386339646634613539366461393830643030346235313230663763
64633031633263656239383361356332656162636664393934346632646533326133333563393161
63656663613966396538396437353166333330376634323533613362643430643130636361326165
33343361346261383931396661663065323838323966613439613061363863396435343230666537
32363061393866636239363136616430383164383237623337306537346131396433353539646638
31326363666464373439633739393539356539653162323734303430373465393466346465313461
31303962663338303739623463373865613464636632393438373930663161376336633862313262
32306161386262376435306637653836626266633435393364333465326264663535646132343165
38653438643965396638356136343739373031363336353134356232353531666633336364336133
33353331346338373033636539613464633038626239396564613138356236356338626663313838
37346339613530343666336332373833643964353133626633643563366638653136383838343933
61616165333036616630306533653830656639623765303461666136353934323065656535656533
61373338303566623431633830373961643832303834393463666465383462666233393762333065
66363439313135613336316633303431313830366461303166393531656462336661663863353331
66663831346639343562343463353337383737393332623136326534323564363637343263333963
32386531373766633732346230366366666166373361393562356365306461366230343566323333
38653231343335386336343466663032313936663965366136366539323361643831396263346237
33396331626538633966626662626230373535613138393263386266646465393832623362313431
35323663343439313363333864646532646664363534306166343734323433363864313736363530
33633362653739366430623136356639353766376535303133333832393235633366646532656239
37376139323464653332633434393931313330326461366437336537343937663831663132316632
31656231343839353364316630363961663733316666643665353764613336626533383833626364
64343561616339366133393266633132353065346335613865666665323764386532356638636336
62636531303535373038363638636466373330656638393066353065346235353661636335393432
66333963326433373461323436623130386538313235343634646164633662376232383165623566
32383432323232323232383764353636633330633935386232336131396438393734393463626666
31633363613665323833653232336465346364396266366465343132316564613137396239353437
62613963663963313064373366363930636264653761633432316635323466373465316433313839
66316261353039323662343530663637323935343537323932626363646130373663303238393833
66333838393030336166356661666263626337306139373962633832373830626231626164643330
63333961376261656433343630636366343032303132636134336134393762393032663634366239
31336662666262653466626233353061626134336262313239336237313239323662663038306464
37626235343566386235373334313934336663326561306433663136633465393837383934396663
61646238356337396265653137626230343638393238346564303538396465363636386334373934
32343932363530616664386234373862633435313466346163636634653039373238333733323261
64313764343733316164623965646534326236653165646562393065396363623839366139326463
38343931386562393230363235653561363238306139313930383333373462633861303337353662
30393736353530656430613566363063616533646139303431373939316366356461646664393535
38626137313261303238653235663832393130663032306233333461323931313532323633343230
35646537633733396235313462646135386261626463353535386363663061323635323238386637
31653836313863613737353464356161363132363762383739386630623534326433366361626266
33383536313432356230396538613863663563613634363437343435323338353139333566323065
30346231656561326161313032653538383530663432313866386335353137656261393732386266
61373466303332303634353833653735663864353634333935383837326237643231353034363036
31353761333935366263393437356234663139636335616235373962373362386534353263663163
34386564653764623236636337383738333465386131306636306161396631386663323932626665
65303232623037373236323439313261343235363435653032386232336432626564663231633166
32323166313030626262666637653164363134646434663539643364356134383666363036326162
66646637623338343438613965383039643131306432303163663666643364666261356332636632
34623636353630303639333263386435393763326536643636353263323365623133643135336362
36643265633730303762303436356436666266376234303137356338363432366664373439306137
38353938396338316461616537393130646237353632613265306430636535616263613733623234
38633866393633306662346537666437396161323861373637393162363364643937616665663962
65653339386562373336616531313332386661656463333637343934306438656438653439306333
31636166383834363531393639343435653632626334613038633733376233326532373436626262
32643634313761323266353635373166383337386534366666386338366464633236353738366335
35353531373539636461363532306335656334346132616164633432316332363466376130653362
64626631356665303535383937663732303037343536316235643062303339313938323665636666
63393934386139316165336136376533633239633962353933376365306638316131643835393064
34303166306635306235626536323039326230636563666137376164656561646437646362353239
35663038623861663639353831343865346531363232333431323030363639653538653038393832
37336662396436346335653662353762636131653761376266353764343437373836386266303939
33613835646430313264333933656637326463623832373362363137363966656137333330373437
61616461333130653334643837333136663139656461366539653931643462373966623534373134
31316133366532306265323862386333333739663435353432383266303432663566303335353236
39303738333533633738656236373132636562363764336465616165316632623762303836393863
62656563616633656232626563633231353136373963663430376538306239643036653132616433
36383166313835653962313765353134303036306233656634643861613162366235613337393365
32643266623839333337366437343262613533633037663064663933333964613463383534386464
35613437393564633436643735333636353239643032373337646135656366663436616262376334
65306139366164396630353434396263363362393666373335333334343162376162336530636663
65623364643166326332303566356230343231303663313266356130343633636461643134666266
32333630333839653638356235383136633838623430613830353766333739366439303932326632
63643865323363346136393938353535653934313433653962346564313135353533613064323238
36653632656435633639333833323134646333666130633366313435623162346334356466656565
31623436303733383736326437376366386265633161366239333363313665303531363238333831
39353331336236376237623737653732373064613962623464396435303166356437353637623036
31393763356536643761646264336363363330633966616365303363366530643139646134373138
30326164643639643364663965633035393032393963366139306232366164313532306335396330
30613737323232353566663135386531623566396235373532353163306633613237636239613163
62356535646163623564303235313331396465396238613237363834666438633433326433316638
38316332366330313933336630613161336530306537373836613666386337616233613164366334
30666230323462666439363164396333633834613231616632316630393134353866666361333464
32336432646464663131353364333439646630303338353333633266656666646130663031653461
66363937303762646161323839656536393937646365366236336664656436656537313064393232
62623935636231343337653735633065643163653361393665373634373138613335373337613931
32323536333762633930356130623866396437366262663336663638663764366366646362656365
31396165336335326331666366386535366164376130363262363464613464356335613332366565
33346164663438303864626366326165336131356230616663383565336464363037633733333533
31383339333466646432663034326434333935643035323466343735373463326533633032353038
61643562376234636266393462663466666562666233353636666664356465333763613066636564
34303132373961333964626535643864643632613536303765396563303636373264653762626666
39353662316539646632626263646665663364623066336263643632633766336233306336613438
39343232303539623866656138656563653764383730343162316266633138383765666536333966
33353663323637333361393639646537316134376136386263313563646533363261353335383331
38336366316434353033623333336436323637373835313035616132633039306462393261663731
66383834333239396539323033376662346637326634633332616330366233633666366439323361
64353164366564623934616134346666363134383032306665356362646430383632313364343331
32663331393231373166366433376262316262353632616334346434323333666535376335613863
37393635303862656139333263653533616564376138353230326339303663343561376139646262
64353164616238663139643236323636656431326332643836626139366465633238633431626263
35383964613839353538303865336561376332386238313735643932653134626637646439626464
30613636626138303134316563343065636330633966616630616365333130313930653834373866
31656163356432333762636263656639663838303634366536656662323836623462626430386431
38376431323962656364643736633732343030626364643933386233326536656435343661346262
64643638363365396331363434313835653831663566353665323637316164376539366438663035
38393139383565643830633235376637636363326635326636616566373062313962396162306134
39633130666236616261646330336634373564383863313032643963653764653664656436376339
62656638336237343063613532656435636533313036316365643235396431666534326130666364
63626339636361323834336438383361353839363666656538663839336239376636633465356164
39633734363132363635626162376161353963666263323239633330376466313033373431363534
66626639353265383664633761393666346466663630303932336665393335316438343737363863
36353763646639666430373161653536373539323036633464316463653439333930613734613664
39386430636231656436626436386531663034616661303831643336656333343763373333333435
38396165633762363666356538643139353634643933613366613366376438633364313739333464
61316136336533666465623263363838386566386165336135623937343730363862663263333939
65346464353764313831386239643664616463323962373935383565653661613437643232366134
33663762663732353736663562343536356561643231646661393132393035643833363539313930
65313530363766663437376634386161396131346665643864376565333436343766633663613136
35316366656538646438323432393332356135373039333432393836616363616366363531626534
35373836633037623731613962383830383833356564306631373530666439626437386538393861
64343661383663396339336234353030343936666663393030333533666462313631313963613661
38633530373063393932633562663731626137316430393731643033633461633465646466666239
36643063623630333232316638323131333832386534613264353037653239393366613139313130
36653133313765376438656332363534393164363633643962333062383232646263313538333436
63636635353465306630373463636439353835363030383561656237356433643431353966656435
62376234396636336538643761366636663338356364383431633237393630356633333561613736
65643936333236313165663462313233653063346664643062323934353664393461663939323737
61633938633938623539313038323163633263613733633031613461613532623061623339323132
38393532306363313734373664326638643436323163666464313730643432656532313066643234
36376638656666303136393435636434313630383539363533383761376533666263633630663237
32643133663666306633633565393630393835313063393636616664623932393066373765616333
61376666636662643335626533326333636133393464316663663661333963663833656131373965
62353139333237623738396566336238373365636664646230363831323164313639623433626236
30343765393565363164323563356437656562343437326162326537343433346539613866306534
38316130376163633630616234343734316435396637306132633764306461623831376436376638
66636564343061353362343836663333386662366438316233633238613339316661666636396431
35343637653231386434623431663532396638346637363366356132663361343733346164366536
31326563643137333936353030643438366537323130333032633435643535316436613838616261
66653132353565303266653436643761303631386333363437393264323938316261373161363832
61383639333131616337643534613333623538313234383237666536653365653836653932373330
36626562356232376462306139353532383036633464323161306165346138656239353462613737
61343438333839313631633333326463343032373731353865386434613735356231666666343032
31616466653830323434396135646463343535656636346331366530316530303636306465353166
61386538336336613966333463376465326634363833333766313936666537356264373363323563
61323738393430303039346636393035316239373866396664656139613332333565393230613039
36303666613766366431356139646165383738653432396432343932333162333366366262653433
66323033306461323663633432333366643633643934326363616232643762633836616236386366
64303332323735636638636135613765346438373362383662393235373836613438333938326238
39366262393935333862633864613864343165353231356438373837336132383162313835633963
35383135373230343335633164666233356436316237306335343634336136613662343632333333
61616137343663616532333536366138613632646137643039303564323633636238663139366136
62636530633334643263303636346232323438313165353030346462653131366230353361613131
30303264323462356233396234633034383932383134313237633735396261346565303939303430
65336132633239346635373430633332643135306238336664333730306136326265666431626665
31336664663165333964356232383731366634376532613432346536336564343839303734346364
34663563353434623332656335393966346435653538626135303330326637316235333431306664
65303761396565316631666133333338623264633361333964643733616361333165313364336139
39616134303032343366303531346562616231653566303831653732333933373630353566356331
61393435396130326665303530633932343561663464326336623931643233313166346237393037
33393239643431613434303134363062343733383632323036666631353937336538623164333564
39373535336264323438663366353465343364336634333039326231303035653731373931343635
37356262636136663866393361313330636265393935616537356134613235306263343535366235
31656237666439316631316665363562373032313762653237386630323066626365353964366330
62643462346433613434323961373666663631363262646462646261313630326563656138616438
36663834663264383862366430616339616639636561636235303736663337386666666539663031
37356161393239663436376466653731653338333237383761623135386130663164346437643437
31353335616333376534306533346435313162626539633861633365623361623436633039646237
62393737663935363237303539393462393432393637386262326237306561623361663762373236
62643264393165343432393237333239616430613139343366663039366233323838613937393936
66353531613039613739636164333736346264626532373061656436343863373232306437396466
66316139633232646430383163396230636138306561343136363832323536666662656630383138
65373632396264616438626266366332656438613366616233356461623235393831653765616237
65643534626263343732623033363631623162626364663464393564613836663162356362363163
36623761376631613034323936336138313463356634366231333835306162383263396164636363
30666330656638326536636638666462643137316366613031646432643731653837393464386232
63363866636532663638653362653864346439353732366361653762316563343634313330613061
65666463326235306137326165393666386631633663303636363730326466336433303064333236
32383763326537393730303139666536663130663630336438353464346336663234663039363965
61613466633836336133363863356537636539316534326466356663666361373265626333386134
63366563343339643735343761613134343632663837366435613035366562623531376233376237
63323663653464663864336166393332393265356561663863363663393564656132653630383734
63666166653365626564386534653663326131323633373433646264616530303233363638353236
61613837376366666437303734646163633634326235306266303634666433336633636662346362
38616366643230666436363433306234653637306138666138653436613462386362636263626562
32393338323835323232616666386238613831626630393633643366363737363165623532316636
36633131383932383232616462613965336236646536313865363533353630346565666432653863
38376333663461653964666639303832343336663539316164333739386134393161633863616662
33663530326235303730656264333962303961356361323061653235316133393035323066643237
65666630363661616564336231663135666339353732396563626136373639633337343864303966
61353663656463663563356136353962393439663361353161303161326239356663343765666233
30623033343437613766376234613033633666623961623231646364663935333839623133383565
63333232356632363933343630623330663466663036333139333235333831303266373366613865
37386433643966383663383562373237323638633230353665366363393566626133393233376535
64653534393030623735653435383035373635666337356236643235356432303735613234363538
34643365336134313565386561636161646230386230353431323532306339663630393534363264
62383665383263333739343330396331333662666630353963626235326338313564353461353762
64366461343034373763323936313063636536373437333365363237383139613635363337383966
62316462633639366563623765326431336138656236356635343164386331383662663531613033
30666431373162386166623832633762346130373438303263306564616230633138656262373938
36393737363237366336373332313862393730663362616661336134666136326632363538613236
61666530343366656233326363613132333566623837616137666266643939386662366230373263
66396166326431336664613434626434383233363964626436396337336166373735646233316334
36356430386133353566333033653337616364663963336362613064353734616137366231633031
31346238323162653433656538333831373662656130666365343066656263353564633165623532
33333762336131353139306562613366373839653461346430386532343866616130666532346566
39326231626564383532336332373364613132323730376262313637313531316566656630336531
33663438633064333864636533396535623337346436396436303165666563303761323961323436
37633939626365313032633836326532333162306161646330333235353332643362376135366235
36363238623730643831653061613361343839306631353732323534393866393666383361393266
64636639336433376131323030623536613335613437653031613465626162663539646332376531
35303033386431316265636232303933306231636239303831323662313835316334393863643262
65306161326165326334333565363561366432353732653563393064663832643261393439666635
64366233613737323830383666303966353565313939666430396239663236313163646435653735
37616163323632343665663165313363643030336339316539353938333138363466383335343438
30376665326133653262663663353936636564656530323861623233333062353164386166323364
38623735623337333032353635343335663836353337363734373161306662383539643534623230
63363534653139666161666464623136316566613562316339373130313464356564353365653535
61643463346665626139393432666232356330643631343733353162306463643565336362363137
33343232646637613164616331623266663036383336313830633238653731633063626637633661
61306563393637316337646365363234323139363063663161313634393032646335623039623835
36396230383437666132306563393331333730383532373766333362376136643737376336373833
31323736363432363838316631343035633239643665346263663835323266333932653437363763
36643062326664373033663638386433343762306436363836393736373532656461613162396435
31626230633466626236666531313130326439643861383935636532623231646466316562313463
38623932653463363962336135383034326232333534636235366566393164383530326563323734
35363763393666393563333834323761393937376565663530323532663837306139643137343465
38623964356235323130343562346564663561626237326364653630333533303831623338366138
63623836393838336639363336376164376430636665383235636237656536383436383265393638
37363366373064613366353436333236373734656236343735363434343166336339313262353331
38643339303530633630336232633234396262656165303638323562356565656264366463636262
34366131396539636163653732653935376131303065396430343531656237616537346362366334
38386231393238343064643263326263623466356434663465343432326638643838323861613734
65616538396435333835383862396138376234363865636263336632303164633134356137626435
35613139313933396361633665393436336462653338303865616436353432653737653264326265
38626136626262343162356532623931396437333533323066633136386537663433303230306462
37313837363939336132376131326266373439386334303565633265613364333139363031356531
64353461626264356130626162646430663462313761373834613166326337306136633265643833
62353437343539666265663134333033306537663439373334653839643932663836636664663733
39376536393765383662626166633133653266636531643462613836393838333964626631356263
65663737663766326566323932646636363334613232393738326430373466623537346634383630
37366136366265623565373833353232663163353434343736396334396332623632333261396533
63333837616530373330303863366331393161383762336265663434333065623030303961353730
64663539313666306536373861346233646334656437306638303861613231316266646265313361
35323936396361323532666436393433326139356138656337333864333432666364643838613961
62663036373733393932393362663161316238306137343630386137643863346637333430313964
64353965663165326334366365306135616130336162396362313565376235393136636666396465
35303464633339656665636139316235373930356561623132333762333465333566663737613534
34353430613530363836653138626361386434613838663436386362613062656132353637616266
38306234346365303761626664653534643535613530303066333664333039616462656366393066
36643565306135633339336233393631633535306234333264633932623439626130303263323466
31653861636134613034346432313965386335343432353264323637613638613035326233316531
65386635386661303631636335356137316666316636366366303533373734363736333236633761
38386531343862616532333165636332336139616539383232646661646638306264373736303237
61636466373939323834623132363664386238623132663633313563336663633636303436343634
31316538663032633064636438326530646638633332396336303935366362396330353164616661
65326433353239633234623862333361646138633734373432356162383661313365366162653665
38306131643035383736313436373038366630393234383464636630376663396536346662366233
64623061626433333030313539396533633934653731376662306361303933656363386636323364
39636337396434633738336531616464323263366439396338643935626165636466373839623362
37316232336534656566636237663334636131326333313331643763393130653364323263373434
63623239383332636430616264613636666137326435626564653330646131366165326464653864
39306466323837633237393534313065643063613432343231643539333266343431343630653763
32613332333736383466613662323230306163343532346461633530383662333539636562353139
38653939313762303531396566653032393561653131323634663166643833336562663132326136
37353230393132333537386366366530666132336532383532663661306638373763613862633663
62653738333666656539373465326134333034383466323737376431633635643363343837376266
61363434313466343761393235393936333032346135363265373861373166323061663438323331
33373137386664356237303238313663626231666365626637633734323162336435316661376266
61326434656263393836393734386233383138636633346338653638626631633337376461666636
32633663326638306565656235396236393434393163616630363966336364663432333934373661
31623263333064613466393531353332656363646563633737633366366332326366666138646366
65363231363866666338343666616136333535393232623436306564663564626665363837333565
30333539343363636539376239653537663566633134623835323036363631636431663533356131
62363938393066343638633236386336306133643539643463383462656164313761396133663333
65373331366662326664376465303535666162376464313335333438376161363966616463393837
61393861666466623166376664636564306665353663373432356465653161333630663266386230
36306564626262643933393935313164373339393039313536633236306561346562306635626237
30313839323434386539633334393735613163306435386366336263373562663234646264323032
37666166646636663065643630333933653539333033363064303565326633323965613138646232
66383166303463636637343833366336393465323465323162316135326133306632323838653366
37383663353635626434343233656235306263633639366533356339626661306335386234343139
61383231326433666237613535366364613162373938663364346638353439333632666566616132
63333836363834313232636132663935666632396631353733623266653737633739366639386364
64616565393866323434383566393731313732343039343534333331303961316363303830373930
32313962316138303338303935386631316139343939643561363937363234306633653561663036
62376162353132633839393937636564616564336234646665306535333165666661653031363264
65383736323534396663346565663665306535663032333263336238613666306435323965633632
31336565376539316662353432373363636661376533343236343766353564373437323866383337
32333366383935346436306563326230313161386639303033366333383162303764643933663031
38393831636137613131623939346662353238626430386539373536326633643065663730386133
66623130383566383835626533333863626234663662333732333933643736636465626131373533
39343464343164633530666535336339346132666462653663393061616335333564653264353135
36353561656566363838643831323535336437643165326361663663373061383538323865656264
63666431663938313132346430656134653064613432643666363037663137313138356339353930
62363632313462333132366664333561396262373838343339393531393234306333313039313763
66653536336561613263616335353961396434336662343662393439366132376365623463306535
38646262626331306462313430393332383238363233613331353837656535346666663363396165
38386463636330303661633937623833663135326134303837323435303330643834633430663736
31333362643135636365363262613938363232373463323062396134366139363834356334343463
30626139373734306433666163356362663539646166663131393430363638373765633336313639
61643562346231363035336130346533303033653137323666653466316165363333626132336634
63616362656333373462326439633534303233353438643165626438333531323738363866313865
36396362316364643465356631356336613263353437626637333361666531303633313934303138
30393338396632336635366435633164376136373761393863653933616232326464376635323035
63653934323136663136353363396562353733633866303734626232653536663034396437376439
61656334383131303763386362353365353661626462383036636632316236386434323062346631
38663939373932366261353065326366616435333239663135333234353562376364303131316166
62313537383137383833393335373064373032353461396530643233373633373438653761316231
33666330373563376638643039613062383837646461626162313932623334386637383334336635
37666562326363373930323939643763366437656364663532386433663761343339323530653763
34383735343365333363303631333430656435386337643538613536653463316231353432386432
37663664613933323933643837643366363132343535646333623935333839326439303665386661
39316630613362326434623163386464613363343461363632626139653266363433336661623530
30333764353636343637346166313539366635643531336534643332386435656461303034333437
63373935363438373936393138333834656632333735396538323633373836346563363733393066
37323937613733396236656134366161666365393066663133396139663838666334323535623136
33386133633332633362356135393865613332333734336561396433633465633133653536383338
39343339613661313063663964653366366633363238396538333638343932643463653633373361
61306432353633343865316631363932623733366465313531663339333166313533363930363639
31613566643436333535643864313039326139366263316233356139363065353230326236373831
64336434343330363063383434623930373538376632396134653231326163623464353862383763
34396666353562343531616565393230343865626339313239643366306338393363633436616335
61663933363861643638646664363363636561616231646165633039333066353738383365343737
30346561616433363933393435336465323232306334626638383764666464313831663035363339
34356130366138396661633436636338346564306266396264666533613336373365643361393735
66333434633566303863383362353631363366313661623234626231313939306238303262313832
63613230323564333164623533353430666461393166653539336162353765663039336439666363
62356335313362333764343535306564316631626533623463356237653762313436303131386532
34353566666233326263386662653232353262303435313066376335323366616237313830616333
64613235643835373763343061336634326364333964636264366330653565366566663761653765
34613561333165636266356233343735303333393530646166333666333030306131336466306564
31653565336433346361356638616436343935333031323464373133363538316462626232363439
32656333613338623965343030376636353332303331343835333262356330613339663734633036
37306463303962326537393866653365376637363962653532333038346565356265393439356136
32383764303535336333653939323732623234623362363830333761323362313764623838313530
36663766643064623662363139313730363032366239333232656433663334623465366631373838
32616466386631316138376138336236393530333739666338663336386664623866386134333765
30303837303139326666373437383434363765636161623462616639643762376538643735356664
31363631633263623230356437656461393235373938643833393830636634333464643466336631
34303833663737333138346333646463393166346238386363333537313365633035393466323265
61326162613465653437643564393538363230623335363864663464623963393834303634376331
37356666643863363763616161343763663931373961653264393539306234393438333031346564
62373837383734663361376166393361346439663065393065303537636366633931393866356330
65386465323464306631363635656165353038333663333330386533396632633065626333663234
34346232306261313963336466626563653933313431393438306438656131666265373363353437
38343039646561653533393361623635626631386336643665343963626436306562303338646563
35353562393038376632623666346138653238653235666136386531373865653634636362376366
33646439303438663362623732393265393739616533313237633236313436343563366161353261
37326365363263623764663530666665313738393632643735643432376435386330623561663137
39643135306631373764363939616662636536336234396130643262323535646563386364633733
39626535376138656161613161326438623431323765653063346239353963613365376465376666
63343030626538373336383234316439373038343436343137656337366665626432393435323166
32313131613365303763336337336238336334613362343630383230333662653664666436303037
31303935623766663533363161313539353364393237346366646236646534363330613166363663
64666531396165343630646435626266326535343735353930656134326334653234653638323636
66306337646530323664656139616463333666653436303463316664336536366536653338663965
38356135326235366236303661323839353337313862613863386164653839653164306161353366
31383536633763303733383831303331383736353464363734306465346464633434326437316133
35303536303064646431613138396262306535303230623939303935383130346535663465376163
39326537636633666636363961366436313061323364383362353831316163333438393962323430
36643838353437326438333238313538346461666162373639373861376135643337633564373130
62613561633639386130393463343363346261316233303335313466646666623338343438393861
63326561313538303137303732396233383535383939646164613731336235396231666464383733
31653661633563313139356333656234306234333234623030353137396463616535376136616363
62663235313864323036653931613938373333333232316262353736613138376131333738396637
32326533653430633564383537353131626134663662383735333865343863313532393833336566
32636630306638393437316262323238636230623933396162346434326633323037626534353065
31363430663265353535343638633262303336613433653832626434626631663633663363366532
66393135336234653133376631653633643037636366663062616238666335386366336238353237
32376461663230326530656638636534336262643838626362646539663136333263663262343031
62356366666263386464663062353639303635633433383261633130366433313537396136316637
31623166313663306265363236303334646130323936363634616638356439333631383065356636
66636363656563626333323363383062333661333163383835346632646566633364393836613862
38633135633338666366663939366537663065316139626331373166653166663362626163643136
32303738326335646333323432363466626636646537663235353865656265643362313064323137
33323636643433343562323061333332376163376539626136386133636633656366353066366631
66333262393837336437353834386365323333303465313961633939633137306166613664616264
64633361323833313339376562303130363962336437653961316563386231663835303161373838
30326435376530616637373335373839313037333161323664636633663832613365386264323264
63313231613732363131633765623065663061306132626633316532643336383633356137346634
31366464323465613637363633316631316437613835373031373932323434353139623136336364
36343033383437613938373139386664326239313563646237376164333061326139643830353734
36303330623066333766656238613161323932383333393034666431383666623234613431626531
66643935376231303438346161643331613231383964623837633531653365323131633863336338
35316364633736396234633232653161393365356535336438383063653533303665336263366636
31616631306330636564663035373134326266313131643665633863396133626339366661653236
34633639653761386361626663316431336536376664663834386238333065636665313964613535
37393864643538633231393837343863623532343866653964353064383231363434613033363362
31306535336435376536656635383139333363663765363439343731326562636666653133653938
31356465613538323264343739363331326336643161303034363063616265393733373133393061
31633866616136316232356166656639653231376363336266643562616131373066633864643663
34333932336438376333613061303035663165373165633862626139366364373161656233643764
32373236303465366534343865656530323638613861343033343863363964643666363266646338
32623032396565313261383365316562313134313164353161613261636239333039643632343663
33633332386131643062356162343538336166663765376233323662616435303037396463633132
32616232393735303238656161343536363064663234356565626339616465376563353663363930
63626130396435386139326363333036633539353464356132353239353366393333653639353834
39386135303364303363613832666364363938353164636466363930663836373330636334303536
36356332396161636438303466376165356639353831613630326561613966323033366235353564
35353038323962633132363234616136306239376530303962383733306566363735336536363331
63326165613361393934326237393361613966353331313565303235623861656538303861663864
61306465313631343462336464656230646139323130336661316232316237383961396634643261
34346333396565616362646161383734393262363261303330653335663564323137616234323661
65316634653639363463613232376438393061616430653235363662363361346262323430666530
35346237343439616562356261663665363136646439386365636566393361373461626162323237
39363836626137623832363431333731666663363432666430393533613333323164373664323135
37376564613430323464613165343764646331396137626637373937316431343139366539626564
39616337656434346531333962393863623432333437366463386333643363626131303164343162
38636338303462646132313136346662646339613562643664366663623334316332353061663530
36313036386231666666616161303439363136353864396338653535643032353864383231303538
33626363336139656161383961313237303834396230323933323266366536656230656136363361
34643835616534373761393663623063623364303537663435386239646238643963663738323766
343238353237626336663432633630613234
