$ANSIBLE_VAULT;1.1;AES256
64336163343935313431646430393762333639356266666161386530313333336266653736653564
3435303033613139616266353035346331363832303335330a343834353831646439316433383931
39376337633130313064313762653032336661313661633933383161626439343862623332636438
3439393535393335640a353034353563363736393865356133376137386663636266613862393939
30376335663732383937343363323039333461653361663064386536326332646639353639636562
62396666663934666333653161636265363061633065356631643462303735326239396330326339
37393433666363326263383630386236343065653637336562613930323735326433363434616664
64653436326330343932343163666165393532356337303338343433646632346431313037363962
39616263346530316136376433303936353665633166663138306633666530326665666533383166
62633537333131373561643862613835373865386135363264393331376233396161326635376638
64663463313532633861343738633431613732623038633931646339396661336163343339386464
38366635623834363233646536396631303438653239656233636635323061366264616633613030
37386565333662353233633834663361663138383335366133316432326331333431306536633931
37316431303331396239353765663937313336343934386661656639633762633564326631313236
30316165346661363937373964393266383335643365326662323933363562326631326237343634
38323734386261323161663764633665646431366539623065363230366566333261373331656533
39333264626236363936393736623737356439386538336463343764353435626631313939393162
37373532646662306431343164636635616337343537386432633737383062663466636239323931
31376337396135666537353663393635343634663463363565376466633534656561343435623438
61616139393262626630376162656537383939363439343633353532633762366535623962646335
31623363646230623766326139623639343132306339613663356163366233346533623865643663
31323938313532633061353762333962323233376536636434393265326435393866353663646431
37626364393063336366633538643665633735653632363663316464626666343734313465633332
62623163353830373230326261333237366465643930366635376463353637386433313534663833
63343138386336343631626437663365346135376332663238343637346264613437663137363033
34396431343830316263353461346663326438333738663961373566343133633762323335326434
36663337363439646638366330393333336663353933333337303832323131393966393966633961
63633662363038396466396163633636346565326433663031636438653664663233633831303437
62623936666565633664653666646435643136303130353163653131356137616162373234373439
65623363376462356563643931633535356462333231623064326361656336623362396464643163
31336662383635343631396161643939366530353730613261303762653361323137636563616530
34643034363230333366663235363831393166323363306534326437313633363234306634363935
36346230386331383138633334343431316364386566396235653837333864376332343464613638
30643534636466393361396230363635326361303231343061633062643632633762386337333361
38383635616233353330343665376663653538363934663534643438306535393832326261366432
33353034316163393133646365613033363438353739663264313033613738656636666162396136
66393631373361643261646265336132643735383332373635663934616639323333623666346231
31653562326637366334623663343234353635316462376134613333653432313034653833356236
36346335396539363034643133653632373832656538663964303064633062386533346463616366
34346532626265383230353362626132623033633962613734323936646538333639373131356532
63393431386537613865303030363364383266653931326130613630396337363632303532623836
30333830366135616531306365653039353636326463386439363362356530653538333134613836
33346238643565336130636663323362623232383663383263316165613931666633633562323136
35366638613739393932656538653064366236666137346332316135663664653535623466343762
32313632343261333034303662383962653732623564363833373635636666376430646138303565
63636535353862636631326431643762373934663163396136373364393165373732663236323335
30633164393030303630313465623562373864393734343336326530613833623232626133613338
34333264633665663338656461366232393563313062633464633939333536653036326535626364
37316536393063386531636163653366616238656331613336316561616462653034646632323231
39323831373433313436393935343135616466636562373262643661373930393635653863663239
31323533653663303363333639313432656265663166323233623461653730336161396431643462
31393235623864636233643035663364626266616635616132613732643766333334373734373532
31626164353333326238663134373237373733663337613463643133336236633930666665386539
65636365663865356436646162633961653666333563366364626433613131336130373463366632
36623833326366333130313563376436623331373563633766646435326439303164316537613062
32326530613634363630313033376439396462383938626438666431633730636435383839306634
66393939653936316432336236353536316138376463626235396661316436366662646566646565
36623865303535653230313865386636616339653139323435316665333039626266323539343630
33373933643265646262353366653565393963396133616366616535346131343936636665646232
31613962633066666135393437636238623565646531323265653132373961613466623537343135
61366138616131616139373130333938363036303238623539613737326232653661303831343462
39346262356463626362616366656535303730386430656630613230373738613634333935646439
38656336336533613833373632623865396363633738306334363364313264663832663534363235
31386539613764326231383233336365616332323333383430636361633764313836663838303861
61393633383362313230396264346335336435393165373166363837653434383963626537393338
31316139343133366635376632653163613937333932306262656636376134636637303665666361
39373666623734363662656530356533643434663566396234623434646130656463633938343161
63653732316537396461333838336135393662333565393636323165623137643162666533633434
64306234356133373663613734353261643937376338393337623263383432373133616337666631
65376163396439353461643533663263613434616235303361653138376634383430393239313663
61333534616537633464646535363864353031383634303265616161366438363263666237356135
66613866343565363762653662656638306662353537336235643861326436396364343935633131
31323030343638343765666631396332373938636165636366313531653231343066393733323933
66646234363232646563353563326238303436653834623633323966343032396235313633353863
39323537336539386136333635356661623738663739366634313639303837623933346130363534
38663161323965656235336234626461373565666530636364316132666539666665393431396166
63313131633664633539613361313364626362643965303134383339623038323063333132623162
39376637336236646634626332316339373036646164633637363962313236333365653933376534
61363365316563633934303739613533643062653639646532356461643462396162396533613630
36656464326663653765613765326663346162323436336336363037623135386662333663383561
32623761656166376435326432633161633463663730376536636237653838366536393032366237
62346131333966643662323261323032303536663434353765626566656639343033336437663463
63396635633530626331616262613538303365663066633563326234643162343032313334303336
36386538353666323134653263373263613939333261633830303166346264653938366664653534
34616164363164366163613261616465333161613466346132313437646432316532323336653438
30323031613264353661353138343432326462353964633561316237363561393663353063666264
62326562346632656430363532656363306536323563343737396639373735346331366566396264
61346537663664653637333934613136346662653466623939333235313364356264366262396431
63363030623336623336333830346637613134623633353833386435663835393066333739613364
63646632353562386532353235343936653631376431636330643936633131666562396439656161
63363466626639633861396330346562626261363262363133313166383832373438343962636335
64396331393936616537306234303031333239393137646438616632393037353439386334336138
39663764396364326531653133663064666438663363303831343866353165303239613735313562
35653935393632653962376330373863656336376337616130656562626432636133393538376361
30303639383161623230323433343436316533323035333534363135646465393135663163666464
66656132666336346562393566316136643037336431343666346639663230363861613933646634
33393662643065303065613764353138303861653333613737376163366333663462636464373731
38376664316266666539306631373633333734343733666261633462633534323937626534653235
61323533653631336438393066663962613666656131636233323436663665363938666139353132
64306461333937663563636361393063623538623964333662656534383965663239343336636535
64653734633662636636643664386434613834373536363839326537363064386435303964323563
34333430326563313434656630323665616664613061393036313036373235653939363761313066
63663435616139333931663763393266366532323435396234623961373262353465373437393431
62393636386161653339623566633439623138613263353062643133626665333161353763303731
32363737646266383734616635663862373234366436373135336663303563343066626164653633
38633932383664386262353736373161373062656163363138616333373933336439326334366238
32383638336163353332353333656332353733393133353266316161383831646239613530333837
62353638393061336136373335333563626432396562323732613165656665313133633230646437
34393138333531323231356438636263633533623837616163393461663637353739373662623931
64373037343435393766333063376566663665393234346632666466646430613338313463346563
32376230356463316565303261656239633765346631653764303266653331616661643538653338
32303566316263323435316462366133343536363937343261333539376365393765313431666464
30393535396238353338383563613131303739353964373334613065643333656530346465316531
39356535646463323733613030653632313334393365356536356564333238376539623633363764
61656665373737646631323533616138316636373834343737626364626265646536316134303161
33343566366135643865306566353536643339663561383931343066353432373562346239383963
65303833363736663964353562363833363438303035303565353435313763343466303436386463
37383363346365306637313933653564376232303335653365313264636536373761353061353131
38346439646334633736366233613633636639333262653438656632343835306365303063343330
38626333653963326430626536633566336463383439623030613132656563356432316431663566
39326339336564626664316366316132323830623631323733646363636265636263363537303731
31373461616365333734333532643436356433356565633464316434366366633361656438353731
36666365636134666261366565333636396162363430393633306365336566636534653163633238
34316131326531646661653266323837363332383339393362636562323234386665386266366161
34323236633662636662363439613265653061383139323663363836316538326466643432656264
37363166303032386661616261323865383534633463633532313835306238626132616537323433
65643135613932336530323132333262306164623761396237366264396431613163356133306265
34353435626135396532336635353937626532346665303536336330353830663639653439653331
63323233376539383530376166623164323438373832343634633335613863303630633365636231
33643835323431303932323964386231356633316133626538613238353764653266393138356166
65656434313764613031636362633539383535363636633633326632393366313764653531346333
38313436613762353665616462353531306365306262336236366335616130666434393337613966
36636664313532636366396233616431666237336464356138363135326635626337663435363366
66396339333061323733626633353466303265333037333331626465643937393365343964333134
62346130336536333463633133366466353361343964376466343866366266373931663138346266
61633431386635626439363735316462306333643735336534666166366365623532666366383831
38336538333637393563633138356665346433656136623432623433643639323163356532633635
62343464393662376432326330316138386336666365353330356130323733383331336531323062
61653266356138613436356530306231306566653065393534643138623433393665666661313932
39656465616632323436326333373064383735343464363062353330653434336339633061323961
35643935326132363630643435643864383230636331626164343363666434383939303237613130
32666566323838373165653962373638383263343630376561383439613339366134653162633064
30313432313566393936316131383534623462343633313431353535323134336630373138633938
31396364633334333037633363303065353364386265366132326462623431383334656263636161
35623439613362623738393065656264346466366530353861613362666233636430363266383034
37663432393230356436643335373136396232373630656532626565316135393830663366326232
35323235316533653765363062633165643739613962386630363965663436326637313734366330
33343666363464333666373639313566326337383361333834383463313663356233316237626364
37396531353264336366623632333733303336643265383166363039353531326163366166616631
65373062646333363862323630633130306339633634626566316639643134333031323863383337
36346434343334383263623939393138343465646239316563303438346130663464303236313863
31363537333161313638643331383364643164623739306431326463333465346265343034663436
63613133363732343965363430336562386361663637656365353530633762326432653630353631
36613861373634623635323831646532326633666632633633346561643164666264383531333032
65636634633463616632313064643938633365653362313632303139373439383136303764663862
39633562383862623262383363356133366338393565346266393930383239333066663335333664
61363837333635353565366531363430306131333230366366363034396564663435373062373865
65666466336136663730343436633233663864363435353365626466363265613561353830336164
61636239633734393135396263306261373039393531303439376663363564323964653935303363
35613832373663306562313836363561636436656137613639313436366138333634636436643535
61343938333764336133623135343639363862653237393130633432313066653031643066386439
62393661656138666166656232653139323663356131653765306166303066396234346633623662
37336138323530393638623037383537326137323963326261393739303962346239633961663261
32643637643162336464396337393062373764333939343833653366373266353261346163346466
62666363663531303435376631626436623831393163653334373534383638323565303665343231
33373435316165396333353738646266353030383737636163373962386537363763333133656430
65363164303931663839313230393637346662303533303061383337393266353362383034383033
65343763616539326462393633306531613366646136353538373764636363336330366136383465
66323162303061346537646432313532336131646438343631383763356636393338623665346664
39623735343031333336663434643130396439306633656633343139626164616264623536396533
64323361626363633332346635363562396666313966393438333465316135343939303833386235
30663462613664626232303263666430353064303636623465346638326664633834616666613161
64356266323332656565393166383561393933323335326330613062623330353163343463336232
39643638323864343539373536653638633466663630383666633931396235646132313338353733
32653035363361333262613332366665363734396565383739623736333462346137373763306261
38663432306233656330646633666266623866613961326264643863626231653133323562616636
63383564363965373866613432313666613433343835393333333566666234396532383330366566
32363237383365376330666561336230666131616538336237303262353637653435333138343965
39343734333439313666613530336334353863353463633065353434303335613638353933363732
61383261336665383361646563343665663231613765383433306436303730326365346132346132
36626236616166363066633930383230326232373830313335613032343664313639663461613461
63643533643365323831323939613662343934666238623831363232343833623763636437633634
39396336303234323538376239623738333662613030653039326633666432616434306564646437
30316164353934383264613665373234656264333665613938653631363265316265643339393062
31663539643966383365656139366165613232643338666433626531333031376133326164616562
30313864356337663566363535323539646432643764646436656165313337306433643761336237
64626365386461393039343634313331353533303436313466316664303535326662636333303133
31323637663565303835613033636266343936363631623438376161383832356337616532366462
35333261363363363532366433616665366363393631653135663531386134643138643165346636
33363163336130323438383036363462653632636630316364393363333530373532333037363063
36643331643163356561303631363462353863636464363537313666373264353930613737316463
33333261393038636165643137303561323461393037623262666531643532316262653030623665
65313236613766383838633933303330303163363132386432363737353737353763663532653262
35613033383563336165383132333962346636383665616236383335373765396265653065386331
36316566633663376134666636646533616563636430333865393566303037623162303536306637
32633864656131353432306130653535306235633165616231656465366162333538643165623534
36623431623135323437646333366433316536333635303235623065333461313239636638626165
63643264353562336331623034316139353136346433383136343637376334666432313362376465
38373437636664366438396162363931366539326536373132323164373636613435393733373831
30666436656639323830646137363830336461303035643134616237643665383132633630316239
63376139313461646461633633653762313163323337626632386536643766353865323161353139
64363235656538313466643435373066373937663361626665396130343735363562396238396462
38383334343338323031663838343666666137353164356537303061663036333864623933303963
35393130343931316364663631313334333333323736366661616663323239343365313463333037
34313531636561316261383738346134386339393764623739353939666138336438636138336361
34303235316163393834613936363363353332303239633332633230373232306234636464626666
38366338366564376139306662353965333936373465376534646130626661313834383937353937
65396663356664346636613465333532383061306461646131306466303364343531343237666264
64623832666264333666653639326662643933393039646638636364363236653235303061373937
37633561346536663861316663316262643436653562613835653066656139313530386461336437
61616233646536383231663863343832623061663939343964303361316533393338643233656563
61346163363935363630313035633263313132613030373464376334383763373232643636383638
62333434373064343162643961356663613831333035333062633034653935366364376536646537
65313166363361333066326235363234393662363965643966373432653666366232326364343433
36363135613832336164346434626534343161383336323262316363353236633832343931323965
30383735373130393830393232363763326463313162656365623537383630333432316539633139
63373138383538663632343133316261613865326631616439383435353734313934623262393236
39643836366439343464366432663436323438393463393662313834346666303630393138613938
32646235323763333839653232313061653633666339613536616463313533336261666532333139
61646430343439626238626264386233386533316461643239366235356564623164313633626539
36363264326538383130303564646563343963613639633537356133313838303562383738363137
38646531316536373636393062313639623364636635373835373932643438336362623966653834
38633139366439303439383338643030363465333432653136303739626461373037396139633335
32613931376233643734333235623966333039303630313134386263373165316465626635303764
38343235393063376232383863636431333064663937663964653764373637626439633263363733
61323331326561326532383963313535316563626535623230343166373534653738356339363063
64373931353564613131313463323835303939363865383034383030326564666664366236663563
66396265376163393938383265656535396537623037613631333138373635363562613662356530
32373731386662653365303764343231396431313864636437653761326334303633303236313039
62336537333065386239623637333433623934626263613134376565303632643332623235323335
30623964366534386638663535653961653862653637383138663033303865646561613833633064
37376463613666353361333064653431656537656161303632333063356537303635643861666338
64666263316665333863653633303230383635373639306662666135303065613734356632626130
38383961626663333733323930313434646631663063663938393234313334643433616363616230
37356636316136616363623431393334646438353837643161366462663131393062636465336530
35653766666534313265353738333163363934356538366134343939303737653130363162353439
38346662353435333230303437356130393534343737643933343165653035636165643330303563
61393539366632333030386132623332663731363133366437373237383062343435383463623439
36626131646433356233333466326139333238356235663836323235336362353233616438633764
33316638656164356439633832303939663134386164643561633661373233636336636262636361
37383633376432393231323165373138316162323537666163626639623938373562616536323561
62616264353138633436633837306635623230613165663634616437633234636330343963626537
36333466646465333038633634396362306630396266653535346633366137336562353562336234
65316635393566363634363634353738393039653862393764333961366137393863326662616537
37636635343663316132313931316632396639666438666136333130656636336564613163316431
35633565386536343739303766626665353062633334333632353736383765613663646638383864
33663463353135353961303531353465363966623764356132396131386565363936626331396362
63356366343166663035633031306263633166363930303637373932643835373030306666336166
62396261626231343830306164646363313863626337666361636434303433663431653634326665
34313365643761313138383534666236386333613462626464643066313563353166613234343636
30393139373836616462626433663939353663396661383066663539386436653666646334613732
33636139333063623133663162316237323139666337663431636266643330336539333334383163
30646434333964663634393835386338313334613232396133623165613331383165636432653735
30393332636638303736653731653963376564666230346161383364363631366632353062383139
61636233373165303134346437383861396438346665313265633363653839313637376565626463
38626130383230383261323335333436336436633936646330656635343763623034633534643033
30623661633566636539356234316334353634326162316138383266373431663632663338333865
63373932336636383064613434653634353432326263623135386432303538363632346463636261
61366535303538373039396664303638373238626139323337396335323035373934323430303131
30356638333232303030393766386233666339613537356563373834316431356633366661363636
34383031643064643539663166323430356666303136396635333261306633393564316538353535
63373530343165353066623332613733333938663633633231336138386630383462636565303130
66303036636435623936303230343636383438376661363936663037373832353864336664326430
61386263393566373265663433356235646561646562636236663061336639323164633335646462
30643963343561326237386231623563326437643235306166373232373133623738353161646536
35613537663030656534386464336332643836656163303033366263636632666434303134373638
66363061353531383937653930643332633830326536323931653265323639343761376333653062
38336562373232643636376539303431313330303862366563333631346538613436396361366439
32313965636162663961383332383636626136383539623763346462376632343330613866623339
38386339333732306635653731623238623863346537653631613266316631616362376433366436
61636162323735366166373738356436336333643430336563356236643638383666616331346337
33346638316631303739306333356161323463623162636461623234626333336133383430636162
31343231353061323030386639336662303837323731393632396236383332353731613834336239
34353362336636653830353138363663343234383364366535353031636534323039346132666534
35313363643963663762636466303539333037656165666363643737316361393761393230386235
33303439333434306366653235396631313863393862613832336332346232653163386632323734
35356566616262616431313831363134353032393937356337613139613839653837636236373563
63316435313836336535616330643937303263336239316334656363643966623533353966383061
39323262666138656262303534363932363736343937643162353661373434393432626366343635
33356166636161326530366532376462323235353835306336303633656431333938366436653538
36393863356239653964356537346363303161326564613564613937333063633735623938663338
61633336323238316437613033373161653435623437633830323363313835363865396436646532
63333032376635366534623166363061376361366432623666316530626335653035376563396434
38396230316466323239623462396136633839306339613838316133353531393564376635643935
61653636303764663932386232373132633564303837306664616336636238393438613335656465
64386430383266346162336538373132363931366262653566363431353165633336303964323939
35663764313135326530353533316131363862633962343133376436643433393364303237383333
30623864313163313835373763376136633137353266353030376637643635386230623662623930
62656661336666343533386164383563663864323861393266616361306330303264343931663032
64613638643830343331373936613164626137653738623535323634653635306334626534333465
32333265353138656566633665626631393239336331366530373032656462393066323230623236
30316539626363326535366238336561313035336634383636663930333062323132333537323065
39373439373033323532383664613732656262396230383633353535666238323536646532643938
63373366656431383032303830313865383339626366306261333532316434356566653331336364
65376531653130396139613435363562623166623633373462663334323835366130323465623137
38316164396331306330376339363833656461316364613862303135356632623039643762393738
62326463636565666538306638303637653861313432343638343536393137626266333937373566
35653333306336313230373633363338663363363730386263616339626332623131336234613832
62356134626563623730303363666632346563613063623864643561626232313634663233613163
35323563643566313961353130373661346166623061666263373864643132383462383431643336
33353266333562653835326636636139356238353435343066666139336365306264656438393163
61306266396339623735313264326431363338636466356237633637366332373732633233643663
64343831313434326435313361643838626434363865336138376230383131326365343965363564
62396134333533616431303135346666336337363534346235393436383430326632323732323164
66396664396333376135353332333661646530656462623365653338666635623737343362643330
31653435626661656131656461643163386136393635623737343335633065633639343564646237
31623561393335366339323431353064633764323439613035646433626533393436313139613365
30373766303430653938613730336165306362356232323739353463626366333432306262626162
63326132366632313430373166346432666533376562623637643231633035663132343832303536
38303064626161343764653635633866366365643262636239623137626166383466643338333866
61376366663939383530393530633562646232376463303737396662316131646635306135326630
32646538636432363763393463356139643532396465313835363465663434396637343235653236
30646538393135373930393838366266303330383835383231333932373164306232393731376236
63353534393464623664373732323665356134313261363935643639653165363536366535633439
66643839333033663432333938656430303861663565356237346464333839323166363764303865
31353066313130626535663463653138333037313162333930616361366261363133303566326163
39376365323939366538646232313461313438326536306138653039643434313332633638336636
63623133373364346130633732383637306363646134343137313761383266623932613635336633
30653866343535393431626436616363616265656137663930396332356234636361613533313865
32323538613039366131316233313338333062303262323464313137306333643935306339663636
64626462393436613438346661653262396664643436653761373761336130386535383734633064
34396331346139633331363232363931363039663634636430303730313230613439383462333633
31333864343235373931366531386137333334383936306565326264333936366335313161313965
64393631653431626132633137633236636233306663346630363764376539386331326237303435
34313432356439323362323034336630633630616665646332613961653463663533623639666639
37373332633863386135306261356430623366343130353236386662633764363235663230306462
61663233373161343334653065383334313031343262353962393562653666623232343264656531
63626166643563333435346331323132386230613765663464646566656430363262613436613936
37653562383931633738303635633965613665623364316631633663623230623539646134656237
64373933633538383933653365303735333433313039326237656631643233323931623631336463
62623530393033366439343933613536366564396337346635613834663031316633653435366161
38333236316530396339303730633561343639316536306333333766616436356632393539643564
31646563623730616432326261393739396262336463396636653464316637626239323661393530
61316134353033356563323332343837633131386338313061626166376261646530376234646136
64386463636230323466356432333231396162656364303631373333333836393231326564613737
63666532636638633061646137313938623131343563643338626464646666363662353236373933
66383632333162643161336462373164646533663931393064643031313365623061313033313832
31633335386131353137613630303939616564306536343061636564393765346462626466383136
61313965386630643136643235313263626664633663613333346262343662656632306138633566
63323439656436373031366632343238316665326135356333376465336262333639386566356630
31346339643133343938323830323335383564653861326137613130393864373861356636313936
66383837623463343631623433393661313165326630396461363636613737643164366662313639
35626666636361633066323364333665346263636634363333373330663634323539636133626466
31303139353534646361353638306266383338363462303933643764326636636530303561636461
31356437326337613235623833343233346234373237626562663931643662363830336236363030
61363936313036316462336463663631353037643463346164353033363331346133346365343062
38336235633866373865363565646636666233613939393866336561343236626331376235306239
31656262313130393532346138356139383762336235373736656166636131656164623837326334
32336633653035366535373534326337386538653665633039616263396265633539346562343636
66636265323539393961633962623938656261613639656563346266376463373765666261376133
64396462626438396139363062373938393166376634343534623938316631393930356165616364
61663933316334383066616437643839646363623333626564323138363139353236383330376465
37663335616632303962346134313061636534353534373030313436616638353531306331396430
65623537356537396631303637386337666336643235373334633736303762643235346663643137
64346363323236356536653534663532626334323363383736303431646439623130373137326134
33383232356166386431343563613765353830326631656465636561653565303234333962656433
37666164633137383565666666393139303236373066336434316165353036393635383939303262
31393939626531636532613732373761396562363137363037376331353038343638333466363534
33393632393338313630383931353739663331386463313163313034666334323634353339633661
30396136666535303663343538313036383264313233313366346233346461663935666531383065
33336435386335353363373033326161626331643737613761343936643764346339623432666433
32313235386561646436363665383637653337613830356134333232633635343661393964386133
39663931653834386331323664373461313265343334633131303061626162393238393935323136
36613563656563353637313331383234316534646530636637373561343263343032663566663163
31643633633931613261633264613766653263623866353231663032633265313863326438373431
65346435353465663665373730363437383764336531613735376135633837303566333536666632
64373866656237363062353962383965303135343830356265623564363538616538636163303862
30333938643737336336333466623063383733633163666338623134623264643665346261633466
65663962653833323634386365656232376161373236313737613730356435303364666136636430
36623264623735313730646339353930663439303061633062666332336161353531366165653462
39313032363763373831663231323031346563383462393366326335363039323238613666656136
37656134306132343830373030323138623965313666666432656366626439326162623533363232
64373034393364393034343135666266653162326264356436626239663664666565393136333165
31333835383734643938363130393531386661323537646337363230333935303036633061366334
38373364393633366664623836323661626335666531666564663036383932363633613163643636
36303338376630396638306664363435623638393538373837343632626134633437626266633235
64363034353864633934653061303132316131343465376465383430373634373863653436343566
37336262616137363434633538623732653637386666373431636434356233643231646332356661
62366437333430356462313061663637636430376163616235633638643538313138346261613766
66653565373235363636373265353133663830653932363364323431633965376339303937633038
34343264333966653733643038633037393033376464343132356632363763373535323266386239
66666539613831303436646631663135333034623966323837363030313030636537643463623964
61613936383830653639306538623735656630323962346533353462373432313836663962643462
32616463306464343362663565666437346634643539663465373863393363663035373630326636
62323932376234663439303064333633306431336464616566656639353562613264666634303032
65373331613532306331393235316232633831386163396465373639643963313233353838623032
66373261376630353532306632633136363663346330343765363330376264343132643231393039
63373736663438666563346637346235396461343833343863386435633334383763326639393461
37613538383033613139393933646436313361663333363730336661313134326338333162373730
64613039636636383938393638333139613064316661623630386636646132356432323866613636
62616432356536323765396166643337653664633865303133653734313739323835663265346363
37333465346639646534616662346361626138326165323037643235616262663865626238373864
63346664663466383838393565656564343365353332616439306136663264396663326363623736
39626333613134656562643331623136313961333964383231626638313961633235653630623362
32616261373632626534303265373266316566653564383566386535633161303766353463613132
63613439366131373534386533306438613838316238363635646162393533646263336631613837
34363234343164663766336564383763366536313461656562623166353730616331643436373561
35306662363031623966373330663236623562626539303566636232306635316661316137323562
37643837313139636236613131646264643836646565373233386530646366663662383538306464
66346133363435656662373765323933346266356266646630633036353564346463643166356439
37326436663435336530306438396561303062613235333432393465653361653730623064643835
37313930383039663431376164663466333939323465393234383638303237326433303636343962
32393232343831383336366132343036666663626538653566316165616435363364626337356136
30613532643634393030643634343735343431386662386461303434313839383032656462646638
61353632636266326561336361613433316235373339626666396266613464626633663535396231
30313338303063643834633566363030386164396266396230323334326633396631376332336330
61393464386563626464626361393236383535626262383765626461386266373163346163353364
38653736313037376133623063376136623164306162633330376661383165383061666535323839
31653935363064393436646161356161613731663661626134613130383733643466653634393337
39346334663439363135316135363930306664633765643462343361323565636433373830323636
65613934626231343830626162393966653034343333383434656466313162393830633533316663
32353464633431363764373939336534303436663536363964363664373431666433366466633334
36633133613439643037343033613037376336396161383363633937623264373064346135363131
61323639346135636434616431623035323065373038383134383664363132343431623164633930
61663563306162313239363862323537343831396235383337383562363137636166303464356465
31666161386162376236366663383865653830356564313966653834613066653034373563663034
35353566646166636234356562653035326366633433326131323634613531653062626334333735
39616434613063333836626535636635323766323933643138306137633066653165666135353864
64366261356435623637353537373936646662353261643263616434366665623232346139383835
64666563383839306462336134323832303933383638623731613261343638333639383835616236
32386563646438376464653335613931633166373163353735366661353136373136663235623661
66383266363966373434306363343633393833356631303932363431383239313235303830346165
66386266323134653965643232303530666566323166356230323439656561393838336138353038
36336239626162363165666533663334623033363636363539366464313163326338633935313432
38363935386534663136636236343261666563656634656632373863643164313831373436666535
64613031313763373961363266663837353765313733666338306336326463336432303937623764
31393538346465653464613432636563643830313730653435373161393364656638336233386137
62323463333336316533666463616265333362646637373866353766376239623361366634306462
37626633393461323535643764626338383532396438363362666465623438643035396164313536
65666464666361343962653839373033613137386332623231633733373263303139363063656331
61346134653164636533316166306138666666363231346134376339643539343965366530653436
34363761643736326238373862343163633539663231643635623865633334386564303637346639
34633737623137353930363732346262306539653931353834303032383937633834343234656634
37363435393238343462663432653262303431373862643361356161616335336331663963653531
36373464363830616133653830666239653031343838383734613063363638613962356139646633
37313039323534323039613730666231323065343635383730313733306336316665373963303831
39653066333831313033313566326438356435356564616530343965343137346239616261656561
39306139383533666236376539623833656162663534323666643866646333633930666432353339
36663262653436313930363737626532313136366363313430653935643266653639396666303732
30653835333230343362376139303339383130643264333831353738646365643463326432626465
35346633303465376566653338656138393731373435656363613431366532623538303230633233
63653531343036616238393464303030663839303731326437313664633431633738323538353132
30363465376463663239356462383736396566363532393564373635353862363366643532653762
66356336656666303237336438646363373430333063303338346662383132306635343234646131
66636230366333643662306438663932613939313066643262343435373839626631613630666239
39316437346362346432343066633162383865366562303864316566333566316635643332333561
36356533383839303135363239396639343261326462363065616662316335356561376563353865
64363465623462313132646135303036333937666663343932376664323930613836323262313632
36346661363761346132326566653937663433653937386461316435346363616563663038383636
64663465316464356133393638323231653162333432303066616366396431366165616138623965
34666333303162333838356439623232313664306438663234326235353462396333653836366437
35353131373037623865636666363632646264303961373665353132623238663338326639346136
35373130356630353337316264653866336435363364353639343638356239313932363438633964
65366137326438656235353235366563383232623763353639643637626661633433393539626164
39616665313565663033363439633235653532376465383662653062666536303062666331363536
32613233366161383931316138643661663631383836336332313936663163623562383736383837
30323438643364353065623166383134666163306539633437396266346131373938653731663839
62323732343032623361383234396565393735616536653639616462353334616135313438383564
36333265626630386530633735613139363763343961343566393038383637346234316461626430
35613436363463353262346565386232663835663039313431666531646438393838303366346237
33346236343633343334373432636366303664643037306131323730373164656434393563616634
37323339383136623564313834623231623435653732303466356635383237393362376662663435
61646639396338333466633230326432396632386162376133373365393463323231356632323734
37326630353930373038653339656431623934656536393032393264613763626237316631636563
30623838366239666134633761356165303430393465656237633937656135343637323362316432
65663633353564323761653439656335313936386434383233303161346165663838623330353739
33343561636135316664653262353463613438333531613430666232306634666235373166653465
63613134666633346362373237343161626466666538346530613036326431343532366333656330
36306136663139336236613263616436636261636266383365306232383332653535616433646137
36373130623863386164623765306231646166633535373736383533653964306261323734656438
61373862333638613866646566386561323736616264636437306238383038343730383465656166
65383033626465653366353365363537303539383430613664643935353562653263353333646363
33346534666138643538353166623338656363313563643239386430373564393638306639653339
66366265656630393533386133396330646131353963623835343463623665353764316636643039
64393837353335656463353239626534346233316335353536383431643637383736396661316361
38633333353436343639653138396133356638653564366562373661656561323862336461313035
31616362376365646465366636316362363733643533323434366661363562306564396632656133
63633736656634623461396634623361326537653464643466653737376332333566386230626530
33626661346166393634376336336163633765373932393739646161613438366130623530386365
63383865666532626533636333663831633332653635663831633664623833363631336264313637
37626539653134333139373537343736353961306463336566616165303931333937303739656632
62333935353233353633383230313238633762623466613562643963316262656532646235363636
34646535303064373831336235623237383266373338323831346538626264373238613931636164
36643539613232343538336163623338633138383339346665613061323533383736353236616366
34616334626464353239373866626337306239666661326262353134303038396331
